      7    399

kudriavzeviiYER074W             TCT GAC GCT GTC ACT ATC CGT ACT AGA AAG GTT ATC ACC AAC CCA TTG TTG GCC AGA AAG CAA TTC GTT GTC GAC GTC TTG CAC CCT AAC AGA GCT AAT GTC TCC AAG GAT GAA TTG CGT GAA AAG TTG GCT GAA GTT TAC AAG GCT GAA AAG GAC GCT GTC TCC GTT TTC GGT TTC AGA ACC CAA TTC GGT GGT GGT AAG TCT GTC GGT TTC GGT TTG ATT TAC AAC TCT GTT GCT GAA GCC AAG AAG TTT GAA CCA ACC TAC AGA TTA GTC AGA TAT GGT TTG ACT GAA AAG GTT GAA AAA GCT TCC AGA CAA CAA AGA AAG CAA AAG AAG AAC AGA GAC AAG AAG ATC TTC GGT ACT GGT AAG AGA TTG GCT AAG AAA GTT GCT CGT CGT AAC GCC 
cerevisiaeYER074W               TCT GAC GCT GTT ACT ATC CGT ACT AGA AAG GTT ATC TCC AAC CCA TTG TTG GCC AGA AAG CAA TTC GTC GTC GAC GTC TTG CAC CCA AAC AGA GCT AAT GTC TCC AAG GAT GAA TTG CGT GAA AAA TTA GCT GAA GTC TAC AAG GCT GAA AAG GAC GCT GTC TCC GTT TTC GGT TTC AGA ACC CAA TTT GGT GGT GGT AAG TCT GTT GGT TTC GGT TTG GTC TAC AAC TCT GTT GCC GAA GCT AAG AAG TTC GAA CCA ACT TAC AGA TTA GTC AGA TAC GGT TTG GCT GAA AAG GTT GAA AAG GCT TCC AGA CAA CAA AGA AAG CAA AAG AAG AAC AGA GAC AAG AAG ATC TTC GGT ACT GGT AAG AGA TTG GCT AAG AAG GTT GCT CGT CGT AAC GCC 
mikataeYER074W                  TCT GAC GCT GTC ACT ATC CGT ACT AGA AAG GTT ATC TCC AAC CCA TTG TTG GCC AGA AAG CAA TTC GTT GTC GAC GTC TTG CAC CCA AAC AGA GCT AAT GTC TCC AAG GAT GAA TTG CGT GAA AAA TTG GCC GAA GTC TAC AAG GCT GAA AAG GAC GCT GTC TCC GTT TTC GGT TTC AGA ACC CAA TTT GGT GGT GGT AAG TCT GTT GGT TTC GGT TTG GTC TAC AAC TCC GTC GCA GAA GCT AAA AAG TTC GAA CCA ACC TAC AGA TTA GTC AGA TAC GGC TTG GCT GAA AAG GTT GAA AAG GCT TCT AGA CAA CAA AGA AAG CAA AAG AAG AAC AGA GAC AAG AAG ATC TTC GGT ACT GGT AAG AGA TTG GCT AAG AAG GTT GCT CGT CGT AAC GCC 
castelliiYER074W                TCT GAC GCT GTC ACT ATC CGT ACT AGA AAG GTC ATC ACC AAC CCA TTA TTG GCT AGA AAG CAA TTC GTT GTT GAC GTC TTA CAC CCA AAC AGA GCT AAT GTC TCT AAG GAT GAA TTA CGT GAA AAG ATT GCT GAA GTT TAC AAG GCT GAA AAG GAT GCT GTT TCC GTT TTC GGT TTC AGA ACT CAA TTC GGT GGT TCC AAG TCT ACC GGT TTC GGT TTA GTC TAC AAC TCT GTT GCT GAT GCT AAG AAG TTC GAA CCA ACC TAC AGA TTG GTC AGA TAC GGT TTA GCT GAA AAG GTC GAA AAG GCT TCC AGA CAA CAA AGA AAG CAA AAG AAG AAC AGA GAC AAG AAG GTC TTC GGT ACT GGT AAG AGA AGA GCT AAG AAG GTT GCT CGT CGT AAC GCT 
bayanusYER074W                  TCT GAC GCT GTC ACT ATC CGT ACT AGA AAG GTT ATC TCC AAC CCA TTG TTG GCC AGA AAG CAA TTC GTT GTC GAC GTC TTG CAC CCA AAC AGA GCT AAC GTC TCC AAG GAT GAA TTG CGT GAA AAA TTG GCT GAA GTC TAC AAG GCT GAG AAG GAC GCT GTC TCC GTT TTC GGT TTC AGA ACC CAA TTC GGT GGT AGT AAG TCC GTT GGT TTC GGT TTG ATC TAC AAC TCT GTT GCT GAA GCT AAG AAG TTC GAA CCA ACC TAC AGA TTA GTC AGA TAC GGT TTG GCT GAA AAG GTT GAA AAG GCT TCT AGA CAA CAA AGA AAG CAA AAG AAG AAC AGA GAC AAG AAG ATC TTC GGT ACT GGT AAG AGA TTG GCT AAG AAG GTT GCT CGT CGT AAC GCC 
paradoxusYER074W                TCT GAC GCT GTC ACT ATC CGT ACT AGA AAG GTT ATC TCC AAC CCA TTG TTG GCC AGA AAG CAA TTC GTT GTC GAC GTC TTG CAC CCA AAC AGA GCT AAT GTC TCC AAG GAT GAA TTG CGT GAA AAG TTA GCT GAA GTC TAC AAG GCT GAA AAG GAC GCT GTC TCC GTT TTC GGT TTC AGA ACC CAA TTC GGT GGT GGT AAG TCT GTT GGT TTC GGT TTG ATC TAC AAC TCT GTT GCT GAA GCT AAG AAG TTC GAA CCA ACC TAC AGA TTA GTC AGA TAC GGT TTG GCT GAA AAG GTT GAA AAG GCT TCC AGA CAA CAA AGA AAG CAA AAG AAG AAC AGA GAC AAG AAG ATC TTC GGT ACT GGT AAG AGA TTG GCT AAG AAG GTT GCT CGT CGT AAC GCC 
kluyveriYER074W                 TCT GAC GCT ATC ACT ATC CGT ACT AGA AAG GTT ATT TCC AAC CCA TTG TTG GCT AGA AAG CAA TTC GTC ATC GAC GTC TTG CAC CCA AAC AGA GCC AAC GTT TCC AAG GAC GAA TTG CGT GAA AAG TTG TCT GAA ATC TAC AAG GCT GAA AAG GAC TCT GTT TCC GTT TTT GGT TTC AGA ACT CAA TTC GGT GGT GGT AAG TCC ACT GGT TTC GGT TTA GTT TAC AAC TCT GTT GCC GAC GCC AAG AAG TTC GAA CCA ACC TAC AGA TTG GTC AGA TAC GGT TTG GCT GAA AAG GTT GAA AAG GCC TCC AGA CAA CAA AGA AAG CAA AGA AAG AAC AGA GGT AAG AAG GTC TTC GGT ACT GGT AAG CGT TTG GCC AAG AAG GTT GCT CGT CGT AAC GCT 



Printing out site pattern counts


         7        207  P

kudriavzeviiYER074W             AAA AAC AAG AAG AAG AAG AAT ACC ACC ACC ACT ACT AGA AGA ATC ATC ATC ATT CAA CAC CCA CCT CGT GAA GAA GAA GAC GAC GAC GAT GCC GCC GCT GCT GCT GCT GCT GGT GGT GGT GTC GTC GTC GTC GTC GTC GTT GTT GTT GTT GTT TAC TAT TCC TCC TCC TCT TCT TCT TTA TTC TTC TTC TTG TTG TTG TTG TTG TTT 
cerevisiaeYER074W               ..G ... ..A ... ... ... ... ... ..T T.. ... G.. ... ... ... ... ... G.C ... ... ... ..A ... ... ... ... ... ... ... ... ... ..T ..C ... ... ... ... ... ... ... ... ... ... ... ..T ..T ..C ..C ... ... ... ... ..C ... ... ... ... ... ... ... ... ... ..T ..A ... ... ... ... ..C 
mikataeYER074W                  ..G ... ..A ..A ... ... ... ... ... T.. ... G.. ... ... ... ... ... G.C ... ... ... ..A ... ... ... ... ... ... ... ... ... ..T ..A ..C ... ... ... ..C ... ... ... ... ... ... ... ..T ..C ... ..C ... ... ... ..C ... ... ..T ..C ... ... ... ... ... ..T ... ... ... ... ... ..C 
castelliiYER074W                ..G ... ... ... ... ... ... ..T ... ... ... G.. ... ... ... ... G.. G.C ... ... ... ..A ... ... ... ..T ... ... ..T ... ..T ..T ... ... ... ... ... ... ... TCC ... ... ..T ..T ... AC. ... ... ... ..C ... ... ..C ... ..T ... ... ... ... ..G ... ... ... A.T AGA ..A ..A ... ..C 
bayanusYER074W                  ..G ... ..A ... ... ... ..C ... ... T.. ... G.. ... ... ... ... ... ..C ... ... ... ..A ... ... ..G ... ... ... ... ... ... ..T ... ... ... ... ... ... ... A.. ... ... ... ... ... ..T ..C ... ... ... ... ... ..C ... ... ..T ... ..C ... ... ... ... ... ... ... ... ... ... ..C 
paradoxusYER074W                ..G ... ... ... ... ... ... ... ... T.. ... G.. ... ... ... ... ... ..C ... ... ... ..A ... ... ... ... ... ... ... ... ... ..T ... ... ... ... ... ... ... ... ... ... ... ... ... ..T ..C ... ... ... ... ... ..C ... ... ... ... ... ... ... ... ... ... ..A ... ... ... ... ..C 
kluyveriYER074W                 ..G ... ... ... ... .GA ..C ..T ... T.. ... G.. ... C.T ... ..T G.. G.. ... ... ... ..A ... ... ... ..C ... .GT ... ..C ..T ... ..C T.. ..C ... T.. ... ... ... ... ..T A.. ..T A.. ACT A.C ..C ... ... ... ... ..C ... ... ... ... ..C ... ..G ... ..T ... ... ... ..A ... ... ..C 

    2    5    1    1   14    1    1    1    1    1    3    1    9    1    1
    1    1    1    5    1    2    1    4    6    1    1    2    1    1    1
    2    1    1    1    3    3    1    1    7    1    2    1    1    1    1
    1    1    1    1    2    2    3    1    1    1    1    1    1    1    1
    4    1    1    1    1    1    4    1    1

CODONML (in paml version 4.8a, August 2014)  /Users/xji3/Genconv/IdenticalParalogAlignment/YER074W_YIL069C/YER074W_YIL069C_IdenticalParalog_paml_input.fasta
Model: One dN/dS ratio for branches, 
Codon frequency model: F1x4MG
ns =   7  ls = 133

Codon usage in sequences
--------------------------------------------------------------------------------------------------------------------------------------
Phe TTT   1   1   1   0   0   0 | Ser TCT   3   3   3   4   3   3 | Tyr TAT   1   0   0   0   0   0 | Cys TGT   0   0   0   0   0   0
    TTC   6   6   6   7   7   7 |     TCC   3   4   4   3   4   4 |     TAC   3   4   4   4   4   4 |     TGC   0   0   0   0   0   0
Leu TTA   1   2   1   5   1   2 |     TCA   0   0   0   0   0   0 | *** TAA   0   0   0   0   0   0 | *** TGA   0   0   0   0   0   0
    TTG   8   7   8   2   8   7 |     TCG   0   0   0   0   0   0 |     TAG   0   0   0   0   0   0 | Trp TGG   0   0   0   0   0   0
--------------------------------------------------------------------------------------------------------------------------------------
Leu CTT   0   0   0   0   0   0 | Pro CCT   1   0   0   0   0   0 | His CAT   0   0   0   0   0   0 | Arg CGT   4   4   4   4   4   4
    CTC   0   0   0   0   0   0 |     CCC   0   0   0   0   0   0 |     CAC   1   1   1   1   1   1 |     CGC   0   0   0   0   0   0
    CTA   0   0   0   0   0   0 |     CCA   2   3   3   3   3   3 | Gln CAA   5   5   5   5   5   5 |     CGA   0   0   0   0   0   0
    CTG   0   0   0   0   0   0 |     CCG   0   0   0   0   0   0 |     CAG   0   0   0   0   0   0 |     CGG   0   0   0   0   0   0
--------------------------------------------------------------------------------------------------------------------------------------
Ile ATT   1   0   0   1   0   0 | Thr ACT   4   4   3   4   3   3 | Asn AAT   1   1   1   1   0   1 | Ser AGT   0   0   0   0   1   0
    ATC   3   3   3   2   4   4 |     ACC   3   1   2   3   2   2 |     AAC   5   5   5   5   6   5 |     AGC   0   0   0   0   0   0
    ATA   0   0   0   0   0   0 |     ACA   0   0   0   0   0   0 | Lys AAA   2   1   2   0   1   0 | Arg AGA  10  10  10  11  10  10
Met ATG   0   0   0   0   0   0 |     ACG   0   0   0   0   0   0 |     AAG  17  18  17  19  18  19 |     AGG   0   0   0   0   0   0
--------------------------------------------------------------------------------------------------------------------------------------
Val GTT   7   7   6   7   7   7 | Ala GCT   9  10   9  13  11  11 | Asp GAT   1   1   1   3   1   1 | Gly GGT   9   9   8   8   8   9
    GTC   7   8   9   8   7   7 |     GCC   3   3   3   0   2   2 |     GAC   4   4   4   3   4   4 |     GGC   0   0   1   0   0   0
    GTA   0   0   0   0   0   0 |     GCA   0   0   1   0   0   0 | Glu GAA   8   8   8   7   7   8 |     GGA   0   0   0   0   0   0
    GTG   0   0   0   0   0   0 |     GCG   0   0   0   0   0   0 |     GAG   0   0   0   0   1   0 |     GGG   0   0   0   0   0   0
--------------------------------------------------------------------------------------------------------------------------------------

------------------------------------------------------
Phe TTT   1 | Ser TCT   4 | Tyr TAT   0 | Cys TGT   0
    TTC   6 |     TCC   5 |     TAC   4 |     TGC   0
Leu TTA   1 |     TCA   0 | *** TAA   0 | *** TGA   0
    TTG   8 |     TCG   0 |     TAG   0 | Trp TGG   0
------------------------------------------------------
Leu CTT   0 | Pro CCT   0 | His CAT   0 | Arg CGT   5
    CTC   0 |     CCC   0 |     CAC   1 |     CGC   0
    CTA   0 |     CCA   3 | Gln CAA   5 |     CGA   0
    CTG   0 |     CCG   0 |     CAG   0 |     CGG   0
------------------------------------------------------
Ile ATT   1 | Thr ACT   5 | Asn AAT   0 | Ser AGT   0
    ATC   4 |     ACC   1 |     AAC   6 |     AGC   0
    ATA   0 |     ACA   0 | Lys AAA   0 | Arg AGA  10
Met ATG   0 |     ACG   0 |     AAG  18 |     AGG   0
------------------------------------------------------
Val GTT   8 | Ala GCT   6 | Asp GAT   0 | Gly GGT  10
    GTC   4 |     GCC   5 |     GAC   5 |     GGC   0
    GTA   0 |     GCA   0 | Glu GAA   7 |     GGA   0
    GTG   0 |     GCG   0 |     GAG   0 |     GGG   0
------------------------------------------------------

Codon position x base (3x4) table for each sequence.

#1: kudriavzeviiYER074W
position  1:    T:0.19549    C:0.09774    A:0.34586    G:0.36090
position  2:    T:0.25564    C:0.21053    A:0.36090    G:0.17293
position  3:    T:0.31579    C:0.28571    A:0.21053    G:0.18797
Average         T:0.25564    C:0.19799    A:0.30576    G:0.24060

#2: cerevisiaeYER074W
position  1:    T:0.20301    C:0.09774    A:0.32331    G:0.37594
position  2:    T:0.25564    C:0.21053    A:0.36090    G:0.17293
position  3:    T:0.30075    C:0.29323    A:0.21805    G:0.18797
Average         T:0.25313    C:0.20050    A:0.30075    G:0.24561

#3: mikataeYER074W 
position  1:    T:0.20301    C:0.09774    A:0.32331    G:0.37594
position  2:    T:0.25564    C:0.21053    A:0.36090    G:0.17293
position  3:    T:0.27068    C:0.31579    A:0.22556    G:0.18797
Average         T:0.24311    C:0.20802    A:0.30326    G:0.24561

#4: castelliiYER074W
position  1:    T:0.18797    C:0.09774    A:0.34586    G:0.36842
position  2:    T:0.24060    C:0.22556    A:0.36090    G:0.17293
position  3:    T:0.33835    C:0.27068    A:0.23308    G:0.15789
Average         T:0.25564    C:0.19799    A:0.31328    G:0.23308

#5: bayanusYER074W 
position  1:    T:0.20301    C:0.09774    A:0.33835    G:0.36090
position  2:    T:0.25564    C:0.21053    A:0.36090    G:0.17293
position  3:    T:0.28571    C:0.30827    A:0.20301    G:0.20301
Average         T:0.24812    C:0.20551    A:0.30075    G:0.24561

#6: paradoxusYER074W
position  1:    T:0.20301    C:0.09774    A:0.33083    G:0.36842
position  2:    T:0.25564    C:0.21053    A:0.36090    G:0.17293
position  3:    T:0.29323    C:0.30075    A:0.21053    G:0.19549
Average         T:0.25063    C:0.20301    A:0.30075    G:0.24561

#7: kluyveriYER074W
position  1:    T:0.21805    C:0.10526    A:0.33835    G:0.33835
position  2:    T:0.24812    C:0.21805    A:0.34586    G:0.18797
position  3:    T:0.30075    C:0.30827    A:0.19549    G:0.19549
Average         T:0.25564    C:0.21053    A:0.29323    G:0.24060

Sums of codon usage counts
------------------------------------------------------------------------------
Phe F TTT       4 | Ser S TCT      23 | Tyr Y TAT       1 | Cys C TGT       0
      TTC      45 |       TCC      27 |       TAC      27 |       TGC       0
Leu L TTA      13 |       TCA       0 | *** * TAA       0 | *** * TGA       0
      TTG      48 |       TCG       0 |       TAG       0 | Trp W TGG       0
------------------------------------------------------------------------------
Leu L CTT       0 | Pro P CCT       1 | His H CAT       0 | Arg R CGT      29
      CTC       0 |       CCC       0 |       CAC       7 |       CGC       0
      CTA       0 |       CCA      20 | Gln Q CAA      35 |       CGA       0
      CTG       0 |       CCG       0 |       CAG       0 |       CGG       0
------------------------------------------------------------------------------
Ile I ATT       3 | Thr T ACT      26 | Asn N AAT       5 | Ser S AGT       1
      ATC      23 |       ACC      14 |       AAC      37 |       AGC       0
      ATA       0 |       ACA       0 | Lys K AAA       6 | Arg R AGA      71
Met M ATG       0 |       ACG       0 |       AAG     126 |       AGG       0
------------------------------------------------------------------------------
Val V GTT      49 | Ala A GCT      69 | Asp D GAT       8 | Gly G GGT      61
      GTC      50 |       GCC      18 |       GAC      28 |       GGC       1
      GTA       0 |       GCA       1 | Glu E GAA      53 |       GGA       0
      GTG       0 |       GCG       0 |       GAG       1 |       GGG       0
------------------------------------------------------------------------------


Codon position x base (3x4) table, overall

position  1:    T:0.20193    C:0.09882    A:0.33512    G:0.36412
position  2:    T:0.25242    C:0.21375    A:0.35875    G:0.17508
position  3:    T:0.30075    C:0.29753    A:0.21375    G:0.18797
Average         T:0.25170    C:0.20337    A:0.30254    G:0.24239

Codon frequencies under model, for use in evolver (TTT TTC TTA TTG ... GGG):
  0.01696307  0.01370558  0.02038947  0.01633570
  0.01370558  0.01107364  0.01647399  0.01319869
  0.02038947  0.01647399  0.00000000  0.00000000
  0.01633570  0.01319869  0.00000000  0.01573154
  0.01370558  0.01107364  0.01647399  0.01319869
  0.01107364  0.00894712  0.01331042  0.01066409
  0.01647399  0.01331042  0.01980160  0.01586471
  0.01319869  0.01066409  0.01586471  0.01271054
  0.02038947  0.01647399  0.02450796  0.01963537
  0.01647399  0.01331042  0.01980160  0.01586471
  0.02450796  0.01980160  0.02945836  0.02360155
  0.01963537  0.01586471  0.02360155  0.01890917
  0.01633570  0.01319869  0.01963537  0.01573154
  0.01319869  0.01066409  0.01586471  0.01271054
  0.01963537  0.01586471  0.02360155  0.01890917
  0.01573154  0.01271054  0.01890917  0.01514972



Nei & Gojobori 1986. dN/dS (dN, dS)
(Note: This matrix is not used in later ML. analysis.
Use runmode = -2 for ML pairwise comparison.)

kudriavzeviiYER074W 
cerevisiaeYER074W    0.0509 (0.0099 0.1941)
mikataeYER074W       0.0444 (0.0099 0.2224)-1.0000 (0.0000 0.1276)
castelliiYER074W     0.1335 (0.0412 0.3090) 0.1085 (0.0361 0.3326) 0.1007 (0.0378 0.3754)
bayanusYER074W       0.0587 (0.0099 0.1680) 0.0567 (0.0066 0.1158) 0.0567 (0.0066 0.1158) 0.1327 (0.0412 0.3104)
paradoxusYER074W     0.0569 (0.0066 0.1155) 0.0490 (0.0033 0.0670) 0.0285 (0.0033 0.1153) 0.1649 (0.0395 0.2397) 0.0486 (0.0033 0.0674)
kluyveriYER074W      0.1400 (0.0508 0.3632) 0.1231 (0.0404 0.3284) 0.0972 (0.0404 0.4159) 0.1264 (0.0518 0.4098) 0.1585 (0.0473 0.2983) 0.1478 (0.0439 0.2968)


TREE #  1:  ((((((2, 6), 3), 1), 5), 4), 7);   MP score: 81
This is a rooted tree.  Please check!
lnL(ntime: 12  np: 17):   -945.715981      +0.000000
   8..9     9..10   10..11   11..12   12..13   13..2    13..6    12..3    11..1    10..5     9..4     8..7  
 0.092491 0.083488 0.000004 0.000004 0.007370 0.052101 0.000004 0.075212 0.083658 0.044280 0.181404 0.119433 7.015934 1.243814 0.915970 1.395372 0.145832
SEs for parameters:
 -1.000000 0.031464 0.043621 0.102777 0.009536 0.026026 0.042922 0.030276 0.028617 0.028332 0.048083 -1.000000 2.253062 0.273033 0.146594 0.260655 0.043060

Note: Branch length is defined as number of nucleotide substitutions per codon (not per neucleotide site).

tree length =   0.73945

((((((2: 0.052101, 6: 0.000004): 0.007370, 3: 0.075212): 0.000004, 1: 0.083658): 0.000004, 5: 0.044280): 0.083488, 4: 0.181404): 0.092491, 7: 0.119433);

((((((cerevisiaeYER074W: 0.052101, paradoxusYER074W: 0.000004): 0.007370, mikataeYER074W: 0.075212): 0.000004, kudriavzeviiYER074W: 0.083658): 0.000004, bayanusYER074W: 0.044280): 0.083488, castelliiYER074W: 0.181404): 0.092491, kluyveriYER074W: 0.119433);

Detailed output identifying parameters

kappa (ts/tv) =  7.01593

Frequency parameters:
   0.27306 (T)   0.20108 (C)   0.30633 (A)   0.21953 (G)
Equilibrium codon frequencies (evolver-style):
  0.02171275  0.01598971  0.02435844  0.01745659
  0.01598971  0.01177514  0.01793805  0.01285539
  0.02435844  0.01793805  0.00000000  0.00000000
  0.01745659  0.01285539  0.00000000  0.01403473
  0.01598971  0.01177514  0.01793805  0.01285539
  0.01177514  0.00867145  0.01320994  0.00946697
  0.01793805  0.01320994  0.02012380  0.01442181
  0.01285539  0.00946697  0.01442181  0.01033546
  0.02435844  0.01793805  0.02732651  0.01958367
  0.01793805  0.01320994  0.02012380  0.01442181
  0.02732651  0.02012380  0.03065624  0.02196994
  0.01958367  0.01442181  0.02196994  0.01574486
  0.01745659  0.01285539  0.01958367  0.01403473
  0.01285539  0.00946697  0.01442181  0.01033546
  0.01958367  0.01442181  0.02196994  0.01574486
  0.01403473  0.01033546  0.01574486  0.01128362

omega (dN/dS) =  0.14583

dN & dS for each branch

 branch          t       N       S   dN/dS      dN      dS  N*dN  S*dS

   8..9      0.092   276.0   123.0  0.1458  0.0110  0.0753   3.0   9.3
   9..10     0.083   276.0   123.0  0.1458  0.0099  0.0680   2.7   8.4
  10..11     0.000   276.0   123.0  0.1458  0.0000  0.0000   0.0   0.0
  11..12     0.000   276.0   123.0  0.1458  0.0000  0.0000   0.0   0.0
  12..13     0.007   276.0   123.0  0.1458  0.0009  0.0060   0.2   0.7
  13..2      0.052   276.0   123.0  0.1458  0.0062  0.0424   1.7   5.2
  13..6      0.000   276.0   123.0  0.1458  0.0000  0.0000   0.0   0.0
  12..3      0.075   276.0   123.0  0.1458  0.0089  0.0613   2.5   7.5
  11..1      0.084   276.0   123.0  0.1458  0.0099  0.0681   2.7   8.4
  10..5      0.044   276.0   123.0  0.1458  0.0053  0.0361   1.5   4.4
   9..4      0.181   276.0   123.0  0.1458  0.0215  0.1478   5.9  18.2
   8..7      0.119   276.0   123.0  0.1458  0.0142  0.0973   3.9  12.0

tree length for dN:       0.0878
tree length for dS:       0.6023



TREE #  2:  ((((((2, 6), 3), 1), 5), 4), 7);   MP score: 81
This is a rooted tree.  Please check!
lnL(ntime: 12  np: 17):   -945.715981      +0.000000
   8..9     9..10   10..11   11..12   12..13   13..2    13..6    12..3    11..1    10..5     9..4     8..7  
 0.120097 0.083488 0.000004 0.000004 0.007370 0.052101 0.000004 0.075212 0.083658 0.044280 0.181404 0.091827 7.015930 1.243814 0.915970 1.395372 0.145832
SEs for parameters:
 2102304.852444 0.031470 0.043622 0.102780 0.009537 0.026026 0.042927 0.030276 0.028617 0.028332 0.048089 2102304.853880 2.258486 0.273042 0.146595 0.260658 0.043088

Note: Branch length is defined as number of nucleotide substitutions per codon (not per neucleotide site).

tree length =   0.73945

((((((2: 0.052101, 6: 0.000004): 0.007370, 3: 0.075212): 0.000004, 1: 0.083658): 0.000004, 5: 0.044280): 0.083488, 4: 0.181404): 0.120097, 7: 0.091827);

((((((cerevisiaeYER074W: 0.052101, paradoxusYER074W: 0.000004): 0.007370, mikataeYER074W: 0.075212): 0.000004, kudriavzeviiYER074W: 0.083658): 0.000004, bayanusYER074W: 0.044280): 0.083488, castelliiYER074W: 0.181404): 0.120097, kluyveriYER074W: 0.091827);

Detailed output identifying parameters

kappa (ts/tv) =  7.01593

Frequency parameters:
   0.27306 (T)   0.20108 (C)   0.30633 (A)   0.21953 (G)
Equilibrium codon frequencies (evolver-style):
  0.02171275  0.01598971  0.02435844  0.01745659
  0.01598971  0.01177515  0.01793805  0.01285539
  0.02435844  0.01793805  0.00000000  0.00000000
  0.01745659  0.01285539  0.00000000  0.01403473
  0.01598971  0.01177515  0.01793805  0.01285539
  0.01177515  0.00867146  0.01320994  0.00946697
  0.01793805  0.01320994  0.02012380  0.01442181
  0.01285539  0.00946697  0.01442181  0.01033546
  0.02435844  0.01793805  0.02732651  0.01958367
  0.01793805  0.01320994  0.02012380  0.01442181
  0.02732651  0.02012380  0.03065624  0.02196994
  0.01958367  0.01442181  0.02196994  0.01574486
  0.01745659  0.01285539  0.01958367  0.01403473
  0.01285539  0.00946697  0.01442181  0.01033546
  0.01958367  0.01442181  0.02196994  0.01574486
  0.01403473  0.01033546  0.01574486  0.01128362

omega (dN/dS) =  0.14583

dN & dS for each branch

 branch          t       N       S   dN/dS      dN      dS  N*dN  S*dS

   8..9      0.120   276.0   123.0  0.1458  0.0143  0.0978   3.9  12.0
   9..10     0.083   276.0   123.0  0.1458  0.0099  0.0680   2.7   8.4
  10..11     0.000   276.0   123.0  0.1458  0.0000  0.0000   0.0   0.0
  11..12     0.000   276.0   123.0  0.1458  0.0000  0.0000   0.0   0.0
  12..13     0.007   276.0   123.0  0.1458  0.0009  0.0060   0.2   0.7
  13..2      0.052   276.0   123.0  0.1458  0.0062  0.0424   1.7   5.2
  13..6      0.000   276.0   123.0  0.1458  0.0000  0.0000   0.0   0.0
  12..3      0.075   276.0   123.0  0.1458  0.0089  0.0613   2.5   7.5
  11..1      0.084   276.0   123.0  0.1458  0.0099  0.0681   2.7   8.4
  10..5      0.044   276.0   123.0  0.1458  0.0053  0.0361   1.5   4.4
   9..4      0.181   276.0   123.0  0.1458  0.0215  0.1478   5.9  18.2
   8..7      0.092   276.0   123.0  0.1458  0.0109  0.0748   3.0   9.2

tree length for dN:       0.0878
tree length for dS:       0.6023


Tree comparisons (Kishino & Hasegawa 1989; Shimodaira & Hasegawa 1999)
Number of replicates: 10000

  tree           li       Dli     +- SE     pKH       pSH    pRELL

     1*    -945.716     0.000     0.000  -1.000    -1.000    0.499
     2     -945.716    -0.000     0.000   0.500     0.515    0.501

pKH: P value for KH normal test (Kishino & Hasegawa 1989)
pRELL: RELL bootstrap proportions (Kishino & Hasegawa 1989)
pSH: P value with multiple-comparison correction (MC in table 1 of Shimodaira & Hasegawa 1999)
(-1 for P values means N/A)

Time used:  0:12
