      7    477

castelliiYBR191W                ATG GGT AAA TCA CAT GGT TAC AGA TCT CGT ACT CGT TAC ATG TTC CAA CGT GAC TTT AGA AAG CAC GGT GCC ATT GCT TTG TCT ACC TAC TTG AAG GTC TAC AAG GTC GGT GAC ATT GTC GAC ATC AAG GCT AAC GGT TCC ATC CAA AAG GGT ATG CCA CAC AAG TTC TAC CAA GGT AAG ACT GGT GTT GTT TAC AAC GTT ACC AAA TCT TCT GTT GGT GTC ATC ATC AAC AAG ATG GTC GGT AAC AGA TAC TTG GAA AAG AGA TTG AAC TTG AGA ATC GAA CAT ATT AAG CAC TCT AAG TGT AGA CAA GAA TTT TTG GAC AGA GTT AAG ACT AAC GCT GCC AAG AGA GTC GAA GCT AAG GCC CAA GGT GTT GCC GTT CAA TTG AAG AGA CAA CCA GCT CAA CCA AGA GAA GCT CGT GTC GTC TCC ACC GAA GGT AAC GTT CCT CAA ACT TTG GCT CCA GTT CCA TAC GAA ACT TTC 
kluyveriYBR191W                 ATG GGT AAA TCT CAC GGT TAC AGA TCT CGT ACT CGT TAC ATG TTC CAA CGT GAC TTC AGA AAG CAC GGT GCT GTT GCA TTG TCT ACT TAT CTG AAG GTC TAC AAG GTT GGT GAC ATT GTT GAC ATC AAG GCC AAC GGT TCC ATC CAA AAG GGT ATG CCA CAC AAG TTC TAC CAA GGT AAG ACC GGT GTT GTT TAC AAC GTT ACC AAG TCC TCC GTT GGT GTC ATT GTC AAC AAG ATG GTT GGT AAC AGA TAC CTT GAG AAG AGA TTG AAC TTG AGA GTT GAA CAC GTC AAG CAC TCC AAG TGT AGA CAA GAA TTT TTG GAC AGA GTT AAG ACT AAC GCT GCC AAG CGT GCC GAA GCT AAG GCT CAA GGT GTT GCT GTT CAA TTG AAG AGA CAA CCA GCT CAA CCA AGA GAA GCC CGT GTT GTT TCC ACT GAA GGT AAC ATT CCA CAA ACT TTG GCT CCA GTT CCA TAC GAA ACT TTC 
paradoxusYBR191W                ATG GGT AAA TCA CAC GGT TAC AGA TCT CGT ACT CGT TAC ATG TTC CAA CGT GAC TTC AGA AAG CAT GGT GCC GTC CAT CTT TCT ACT TAC TTG AAG GTC TAC AAG GTT GGT GAC ATT GTC GAC ATC AAA GCC AAT GGT TCT ATC CAA AAG GGT ATG CCA CAC AAG TTT TAC CAA GGT AAG ACT GGT GTT GTC TAC AAC GTT ACT AAG TCT TCT GTT GGT GTT ATC ATC AAC AAG ATG GTC GGT AAC AGA TAT CTA GAG AAG AGA TTG AAC TTA AGA GTT GAA CAC ATC AAG CAC TCC AAG TGT AGA CAA GAA TTT TTG GAA AGA GTT AAG GCC AAC GCT GCT AAG CGT GCT GAA GCT AAG GCC CAA GGT GTT GCT GTC CAA TTG AAG AGA CAA CCA GCT CAA CCA AGA GAA TCC CGT ATC GTT TCT ACT GAA GGT AAC GTT CCT CAA ACT TTG GCT CCA GTT CCA TAC GAA ACT TTC 
kudriavzeviiYBR191W             ATG GGT AAA TCA CAT GGT TAC AGA TCT CGT ACT CGT TAC ATG TTC CAA CGT GAC TTC AGA AAG CAT GGT GCC GTC CAT CTT TCT ACT TAC TTG AAG ATC TAC AAG GTT GGT GAC ATT GTT GAC ATC AAA GCC AAT GGT TCT ATC CAA AAG GGT ATG CCA CAC AAG TTC TAC CAA GGT AAG ACT GGT GTT GTT TAC AAC GTT ACT AAG TCT TCT GTC GGT GTT ATC ATC AAC AAG ATG GTC GGT AAC AGA TAT CTA GAA AAA AGA TTG AAC TTG AGA GTT GAA CAC ATC AAG CAC TCC AAG TGT AGA CAA GAA TTT TTG GAA AGA GTT AAG TCG AAC GCT GCT AAG CGT GTT GAA GCA AAA GCT CAA GGT GTT GCT GTT CAA TTG AAG AGA CAA CCA GCT CAA CCA AGA GAA TCC CGT ATT GTT TCT ACT GAA GGT AAT GTT CCT CAA ACT TTG GCT CCG GTT CCA TAC GAA ACT TTT 
cerevisiaeYBR191W               ATG GGT AAA TCA CAC GGT TAC AGA TCT CGT ACT CGT TAC ATG TTC CAA CGT GAC TTC AGA AAG CAT GGT GCC GTC CAT CTT TCT ACT TAC TTG AAG GTC TAC AAG GTT GGT GAC ATT GTC GAC ATC AAA GCC AAT GGT TCT ATC CAA AAG GGT ATG CCA CAC AAG TTT TAC CAA GGT AAG ACC GGT GTT GTC TAC AAC GTT ACT AAG TCT TCT GTT GGT GTT ATC ATC AAC AAG ATG GTC GGT AAC AGA TAT CTA GAA AAA AGA TTA AAC TTA AGA GTT GAA CAC ATC AAG CAC TCC AAG TGT AGA CAA GAA TTT TTG GAA AGA GTT AAG GCC AAT GCT GCT AAG CGT GCT GAA GCT AAG GCT CAA GGT GTT GCT GTT CAA TTG AAG AGA CAA CCA GCT CAA CCA AGA GAA TCC CGT ATC GTT TCT ACT GAA GGT AAC GTT CCT CAA ACT TTG GCC CCA GTT CCA TAC GAA ACT TTC 
bayanusYBR191W                  ATG GGT AAA TCA CAC GGT TAC AGA TCT CGT ACT CGT TAC ATG TTC CAA CGT GAC TTC AGA AAG CAT GGT GCC GTC CAT CTT TCT ACT TAC TTG AAG ATC TAC AAG GTT GGT GAC ATT GTC GAT ATC AAG GCC AAT GGT TCT ATC CAA AAG GGT ATG CCA CAC AAG TTT TAC CAA GGT AAG ACC GGT GTT GTT TAC AAC GTT ACT AAG TCT TCT GTT GGT GTT ATC ATC AAC AAG ATG GTC GGT AAC AGA TAT CTA GAA AAG AGA TTG AAC TTG AGA GTT GAA CAC ATC AAG CAC TCC AAA TGT AGA CAA GAA TTT TTG GAA AGA GTT AAG GCT AAC GCT GCT AAG CGT GTT GAA GCC AAG GCT CAA GGT GTC GCC GTC CAA TTG AAG AGA CAA CCA GCT CAA CCA AGA GAA TCC CGT ATT GTT TCC ACT GAA GGT AAC GTT CCT CAA ACT TTG GCT CCA GTT GCA TAC GAA ACT TTC 
mikataeYBR191W                  ATG GGT AAA TCA CAC GGT TAC AGA TCT CGT ACT CGT TAC ATG TTC CAA CGT GAC TTC AGA AAG CAT GGT GCC GTC CAT CTT TCT ACT TAC TTG AAG ATC TAC AAG GTT GGT GAC ATT GTC GAC ATC AAA GCC AAC GGT TCT ATC CAA AAG GGT ATG CCA CAC AAG TTT TAC CAA GGT AAG ACT GGT GTT GTC TAC AAC GTT ACT AAG TCT TCT GTT GGT GTT ATC ATC AAC AAG ATG GTC GGT AAC AGA TAT CTA GAA AAA AGA TTG AAC TTG AGA GTT GAA CAT ATC AAG CAC TCC AAG TGT AGA CAA GAA TTT TTG GAA AGA GTC AAG GCC AAT GCT GCT AAG CGT GCT GAA GCT AAG GCC CAA GGT GTT GCT GTC CAA TTG AAG AGA CAA CCA GCT CAA CCA AGA GAA TCC CGT ATT GTC TCC ACT GAA GGC AAT GTT CCT CAA ACT TTG GCT CCA GTT CCA TAC GAA ACT TTC 



Printing out site pattern counts


         7        267  P

castelliiYBR191W                AAA AAA AAC AAC AAC AAC AAG AAG AAG AAG AAG ACC ACC ACT ACT ACT AGA AGA ATC ATC ATC ATC ATG ATT ATT ATT CAA CAC CAC CAT CAT CCA CCA CCA CCT CGT GAA GAA GAC GAC GAC GCC GCC GCC GCC GCT GCT GCT GCT GCT GCT GGT GGT GTC GTC GTC GTC GTC GTC GTC GTC GTT GTT GTT GTT GTT GTT GTT TAC TAC TAC TCA TCC TCC TCT TCT TCT TGT TTC TTC TTC TTG TTG TTG TTG TTG TTG TTT TTT 
kluyveriYBR191W                 ... ..G ... ... ... ... ... ... ... ... ... ... ..T ..C ... ... ... C.T ... ..T G.. G.T ... ... G.C G.. ... ... ... ..C ..C ... ... ... ..A ... ... ..G ... ... ... ... ..T ..T ..T ..A ..C ..C ... ... ... ... ... .C. ... ... ..T ..T ..T ..T ..T A.. ... ... ... ... ... ... ... ... ..T ..T ... ... ..C ..C ... ... ... ... ... C.. C.T ... ... ... ... ..C ... 
paradoxusYBR191W                ... ..G ... ... ... ..T ..A ... ... ... ... ..T ..T ... ... G.C ... C.T ... ... ... G.T ... ... ..C G.C ... ... ..T ..C ..C ... ... ... ... ... ... ..G ..A ... ... ..T ... ... ..T CA. ..C T.C ... ... ... ... ... .CT ... ..T A.. ... ... ..T ..T ... ..C ..C ... ... ... ... ... ..T ... ... ..T ..T ..C ... ... ... ... ... ..T ... C.A C.T ..A ... ... ..C ... 
kudriavzeviiYBR191W             ... ..G ... ... ..T ..T ..A ..A ..A ... ... ..T ..T ... ... T.G ... C.T ... ... ... G.T ... ... ..C G.C ... ... ..T ..C ... ... ... ..G ... ... ... ... ..A ... ... ..T ... ..T ..T CA. ..C T.C ..A ... ... ... ... ..T A.. ..T A.T ... ..T ..T ..T ... ... ... ..C ... ... ... ... ..T ... ... ..T ..T ..C ... ... ... ... ..T ... ... C.A C.T ... ... ... ..C ... 
cerevisiaeYBR191W               ... ..G ... ..T ... ..T ..A ..A ... ... ... ..T ..T ..C ... G.C ... C.T ... ... ... G.T ... ... ..C G.C ... ... ..T ..C ..C ... ... ... ... ... ... ... ..A ... ... ..T ... ..T ..T CA. ..C T.C ... ..C ... ... ... .CT ... ..T A.. ... ... ..T ..T ... ..C ... ... ... ... ... ... ..T ... ... ..T ..T ..C ... ... ... ... ... ..T ... C.A C.T ..A ..A ... ..C ... 
bayanusYBR191W                  ... ..G ... ... ... ..T ... ... ... ..A ... ..T ..T ..C ... G.. ... C.T ... ... ... G.T ... ... ..C G.C ... ... ..T ..C ..C ... G.. ... ... ... ... ... ..A ... ..T ..T ... ..T ... CA. ..C T.C ..C ... ... ... ... ..T A.. ..T A.T ... ... ..T ..T ... ... ..C ... ..C ... ... ... ..T ... ... ... ..T ..C ... ... ... ... ... ..T ... C.A C.T ... ... ... ..C ... 
mikataeYBR191W                  ... ..G ... ..T ..T ... ..A ..A ... ... ... ..T ..T ... ... G.C ... C.T ... ... ... G.T ... ... ..C G.C ... ... ..T ... ..C ... ... ... ... ... ... ... ..A ... ... ..T ... ... ..T CA. ..C T.C ... ... ... ..C ... .CT A.. ..T A.T ... ... ... ..T ... ..C ..C ... ... ..C ... ... ..T ... ... ... ..T ..C ... ... ... ... ... ..T ... C.A C.T ... ... ... ..C ... 

    1    1    4    1    1    1    1    1    1    1   11    1    2    1    3
    1    9    1    2    1    1    1    4    1    1    1    9    2    1    1
    1    3    1    1    1    4    6    1    1    2    1    1    1    1    1
    1    1    1    1    1    2    1   11    1    1    1    1    1    1    1
    1    1    1    1    1    1    1    3    6    1    1    1    1    1    1
    2    2    1    1    1    1    1    1    1    1    1    3    1    1

CODONML (in paml version 4.8a, August 2014)  /Users/xji3/Genconv/IdenticalParalogAlignment/YBR191W_YPL079W/YBR191W_YPL079W_IdenticalParalog_paml_input.fasta
Model: One dN/dS ratio for branches, 
Codon frequency model: F1x4MG
ns =   7  ls = 159

Codon usage in sequences
--------------------------------------------------------------------------------------------------------------------------------------
Phe TTT   2   1   2   2   2   2 | Ser TCT   5   3   6   6   6   5 | Tyr TAT   0   1   1   1   1   1 | Cys TGT   1   1   1   1   1   1
    TTC   3   4   3   3   3   3 |     TCC   2   5   2   2   2   3 |     TAC   8   7   7   7   7   7 |     TGC   0   0   0   0   0   0
Leu TTA   0   0   1   0   2   0 |     TCA   1   0   1   1   1   1 | *** TAA   0   0   0   0   0   0 | *** TGA   0   0   0   0   0   0
    TTG   8   6   5   6   4   6 |     TCG   0   0   0   1   0   0 |     TAG   0   0   0   0   0   0 | Trp TGG   0   0   0   0   0   0
--------------------------------------------------------------------------------------------------------------------------------------
Leu CTT   0   1   1   1   1   1 | Pro CCT   1   0   1   1   1   1 | His CAT   2   0   2   3   2   2 | Arg CGT   4   5   5   5   5   5
    CTC   0   0   0   0   0   0 |     CCC   0   0   0   0   0   0 |     CAC   3   5   4   3   4   4 |     CGC   0   0   0   0   0   0
    CTA   0   0   1   1   1   1 |     CCA   5   6   5   4   5   4 | Gln CAA   9   9   9   9   9   9 |     CGA   0   0   0   0   0   0
    CTG   0   1   0   0   0   0 |     CCG   0   0   0   1   0   0 |     CAG   0   0   0   0   0   0 |     CGG   0   0   0   0   0   0
--------------------------------------------------------------------------------------------------------------------------------------
Ile ATT   3   3   1   2   1   2 | Thr ACT   5   6   7   7   6   6 | Asn AAT   0   0   1   2   2   1 | Ser AGT   0   0   0   0   0   0
    ATC   5   2   6   6   6   6 |     ACC   3   2   0   0   1   1 |     AAC   7   7   6   5   5   6 |     AGC   0   0   0   0   0   0
    ATA   0   0   0   0   0   0 |     ACA   0   0   0   0   0   0 | Lys AAA   2   1   2   4   3   2 | Arg AGA  10   9   9   9   9   9
Met ATG   4   4   4   4   4   4 |     ACG   0   0   0   0   0   0 |     AAG  15  16  15  13  14  15 |     AGG   0   0   0   0   0   0
--------------------------------------------------------------------------------------------------------------------------------------
Val GTT   9  15  11  14  12  12 | Ala GCT   7   7   7   6   7   6 | Asp GAT   0   0   0   0   0   1 | Gly GGT  12  12  12  12  12  12
    GTC   8   4   6   3   5   5 |     GCC   4   4   4   2   4   4 |     GAC   4   4   3   3   3   2 |     GGC   0   0   0   0   0   0
    GTA   0   0   0   0   0   0 |     GCA   0   1   0   1   0   1 | Glu GAA   7   6   7   8   8   8 |     GGA   0   0   0   0   0   0
    GTG   0   0   0   0   0   0 |     GCG   0   0   0   0   0   0 |     GAG   0   1   1   0   0   0 |     GGG   0   0   0   0   0   0
--------------------------------------------------------------------------------------------------------------------------------------

------------------------------------------------------
Phe TTT   2 | Ser TCT   5 | Tyr TAT   1 | Cys TGT   1
    TTC   3 |     TCC   3 |     TAC   7 |     TGC   0
Leu TTA   0 |     TCA   1 | *** TAA   0 | *** TGA   0
    TTG   6 |     TCG   0 |     TAG   0 | Trp TGG   0
------------------------------------------------------
Leu CTT   1 | Pro CCT   1 | His CAT   3 | Arg CGT   5
    CTC   0 |     CCC   0 |     CAC   3 |     CGC   0
    CTA   1 |     CCA   5 | Gln CAA   9 |     CGA   0
    CTG   0 |     CCG   0 |     CAG   0 |     CGG   0
------------------------------------------------------
Ile ATT   2 | Thr ACT   7 | Asn AAT   2 | Ser AGT   0
    ATC   6 |     ACC   0 |     AAC   5 |     AGC   0
    ATA   0 |     ACA   0 | Lys AAA   3 | Arg AGA   9
Met ATG   4 |     ACG   0 |     AAG  14 |     AGG   0
------------------------------------------------------
Val GTT   9 | Ala GCT   7 | Asp GAT   0 | Gly GGT  11
    GTC   7 |     GCC   4 |     GAC   3 |     GGC   1
    GTA   0 |     GCA   0 | Glu GAA   8 |     GGA   0
    GTG   0 |     GCG   0 |     GAG   0 |     GGG   0
------------------------------------------------------

Codon position x base (3x4) table for each sequence.

#1: castelliiYBR191W
position  1:    T:0.18868    C:0.15094    A:0.33962    G:0.32075
position  2:    T:0.26415    C:0.20755    A:0.35849    G:0.16981
position  3:    T:0.32075    C:0.29560    A:0.21384    G:0.16981
Average         T:0.25786    C:0.21803    A:0.30398    G:0.22013

#2: kluyveriYBR191W
position  1:    T:0.17610    C:0.16981    A:0.31447    G:0.33962
position  2:    T:0.25786    C:0.21384    A:0.35849    G:0.16981
position  3:    T:0.34591    C:0.27673    A:0.20126    G:0.17610
Average         T:0.25996    C:0.22013    A:0.29140    G:0.22851

#3: paradoxusYBR191W
position  1:    T:0.18239    C:0.17610    A:0.32075    G:0.32075
position  2:    T:0.25786    C:0.20755    A:0.36478    G:0.16981
position  3:    T:0.36478    C:0.25786    A:0.22013    G:0.15723
Average         T:0.26834    C:0.21384    A:0.30189    G:0.21593

#4: kudriavzeviiYBR191W
position  1:    T:0.18868    C:0.17610    A:0.32704    G:0.30818
position  2:    T:0.26415    C:0.20126    A:0.36478    G:0.16981
position  3:    T:0.39623    C:0.21384    A:0.23270    G:0.15723
Average         T:0.28302    C:0.19706    A:0.30818    G:0.21174

#5: cerevisiaeYBR191W
position  1:    T:0.18239    C:0.17610    A:0.32075    G:0.32075
position  2:    T:0.25786    C:0.20755    A:0.36478    G:0.16981
position  3:    T:0.37107    C:0.25157    A:0.23899    G:0.13836
Average         T:0.27044    C:0.21174    A:0.30818    G:0.20964

#6: bayanusYBR191W 
position  1:    T:0.18239    C:0.16981    A:0.32704    G:0.32075
position  2:    T:0.26415    C:0.20126    A:0.36478    G:0.16981
position  3:    T:0.36478    C:0.25786    A:0.22013    G:0.15723
Average         T:0.27044    C:0.20964    A:0.30398    G:0.21593

#7: mikataeYBR191W 
position  1:    T:0.18239    C:0.17610    A:0.32704    G:0.31447
position  2:    T:0.25786    C:0.20755    A:0.36478    G:0.16981
position  3:    T:0.35849    C:0.26415    A:0.22642    G:0.15094
Average         T:0.26625    C:0.21593    A:0.30608    G:0.21174

Sums of codon usage counts
------------------------------------------------------------------------------
Phe F TTT      13 | Ser S TCT      36 | Tyr Y TAT       6 | Cys C TGT       7
      TTC      22 |       TCC      19 |       TAC      50 |       TGC       0
Leu L TTA       3 |       TCA       6 | *** * TAA       0 | *** * TGA       0
      TTG      41 |       TCG       1 |       TAG       0 | Trp W TGG       0
------------------------------------------------------------------------------
Leu L CTT       6 | Pro P CCT       6 | His H CAT      14 | Arg R CGT      34
      CTC       0 |       CCC       0 |       CAC      26 |       CGC       0
      CTA       5 |       CCA      34 | Gln Q CAA      63 |       CGA       0
      CTG       1 |       CCG       1 |       CAG       0 |       CGG       0
------------------------------------------------------------------------------
Ile I ATT      14 | Thr T ACT      44 | Asn N AAT       8 | Ser S AGT       0
      ATC      37 |       ACC       7 |       AAC      41 |       AGC       0
      ATA       0 |       ACA       0 | Lys K AAA      17 | Arg R AGA      64
Met M ATG      28 |       ACG       0 |       AAG     102 |       AGG       0
------------------------------------------------------------------------------
Val V GTT      82 | Ala A GCT      47 | Asp D GAT       1 | Gly G GGT      83
      GTC      38 |       GCC      26 |       GAC      22 |       GGC       1
      GTA       0 |       GCA       3 | Glu E GAA      52 |       GGA       0
      GTG       0 |       GCG       0 |       GAG       2 |       GGG       0
------------------------------------------------------------------------------


Codon position x base (3x4) table, overall

position  1:    T:0.18329    C:0.17071    A:0.32525    G:0.32075
position  2:    T:0.26056    C:0.20665    A:0.36298    G:0.16981
position  3:    T:0.36029    C:0.25966    A:0.22192    G:0.15813
Average         T:0.26804    C:0.21234    A:0.30338    G:0.21623

Codon frequencies under model, for use in evolver (TTT TTC TTA TTG ... GGG):
  0.02048415  0.01622711  0.02318485  0.01652464
  0.01622711  0.01285477  0.01836655  0.01309047
  0.02318485  0.01836655  0.00000000  0.00000000
  0.01652464  0.01309047  0.00000000  0.01333049
  0.01622711  0.01285477  0.01836655  0.01309047
  0.01285477  0.01018328  0.01454959  0.01036999
  0.01836655  0.01454959  0.02078806  0.01481636
  0.01309047  0.01036999  0.01481636  0.01056013
  0.02318485  0.01836655  0.02624162  0.01870331
  0.01836655  0.01454959  0.02078806  0.01481636
  0.02624162  0.02078806  0.02970141  0.02116922
  0.01870331  0.01481636  0.02116922  0.01508803
  0.01652464  0.01309047  0.01870331  0.01333049
  0.01309047  0.01036999  0.01481636  0.01056013
  0.01870331  0.01481636  0.02116922  0.01508803
  0.01333049  0.01056013  0.01508803  0.01075376



Nei & Gojobori 1986. dN/dS (dN, dS)
(Note: This matrix is not used in later ML. analysis.
Use runmode = -2 for ML pairwise comparison.)

castelliiYBR191W    
kluyveriYBR191W      0.0632 (0.0222 0.3505)
paradoxusYBR191W     0.0741 (0.0306 0.4131) 0.0823 (0.0293 0.3557)
kudriavzeviiYBR191W  0.0637 (0.0306 0.4800) 0.0906 (0.0350 0.3860) 0.0478 (0.0082 0.1722)
cerevisiaeYBR191W    0.0639 (0.0306 0.4787) 0.0760 (0.0293 0.3850)-1.0000 (0.0000 0.0760) 0.0478 (0.0082 0.1721)
bayanusYBR191W       0.0807 (0.0334 0.4142) 0.1153 (0.0378 0.3282) 0.0593 (0.0082 0.1388) 0.0280 (0.0055 0.1958) 0.0512 (0.0082 0.1609)
mikataeYBR191W       0.0807 (0.0334 0.4142) 0.0770 (0.0321 0.4169) 0.0233 (0.0027 0.1174) 0.0280 (0.0055 0.1958) 0.0197 (0.0027 0.1388) 0.0297 (0.0055 0.1841)


TREE #  1:  ((((((5, 3), 7), 4), 6), 1), 2);   MP score: 99
This is a rooted tree.  Please check!
check convergence..
lnL(ntime: 12  np: 17):  -1109.822494      +0.000000
   8..9     9..10   10..11   11..12   12..13   13..5    13..3    12..7    11..4    10..6     9..1     8..2  
 0.054524 0.163298 0.018602 0.023286 0.025810 0.039753 0.013077 0.052624 0.091358 0.045388 0.156478 0.081438 7.926315 1.445752 1.067337 1.485400 0.075469
SEs for parameters:
 2966100.611100 0.046311 0.020914 0.017909 0.016213 0.019418 0.014097 0.021995 0.027641 0.021820 0.037144 2966100.611160 2.191347 0.284288 0.156359 0.236148 0.024280

Note: Branch length is defined as number of nucleotide substitutions per codon (not per neucleotide site).

tree length =   0.76564

((((((5: 0.039753, 3: 0.013077): 0.025810, 7: 0.052624): 0.023286, 4: 0.091358): 0.018602, 6: 0.045388): 0.163298, 1: 0.156478): 0.054524, 2: 0.081438);

((((((cerevisiaeYBR191W: 0.039753, paradoxusYBR191W: 0.013077): 0.025810, mikataeYBR191W: 0.052624): 0.023286, kudriavzeviiYBR191W: 0.091358): 0.018602, bayanusYBR191W: 0.045388): 0.163298, castelliiYBR191W: 0.156478): 0.054524, kluyveriYBR191W: 0.081438);

Detailed output identifying parameters

kappa (ts/tv) =  7.92632

Frequency parameters:
   0.28924 (T)   0.21353 (C)   0.29717 (A)   0.20006 (G)
Equilibrium codon frequencies (evolver-style):
  0.02573992  0.01900268  0.02644580  0.01780383
  0.01900268  0.01402886  0.01952379  0.01314380
  0.02644580  0.01952379  0.00000000  0.00000000
  0.01780383  0.01314380  0.00000000  0.01231457
  0.01900268  0.01402886  0.01952379  0.01314380
  0.01402886  0.01035691  0.01441358  0.00970350
  0.01952379  0.01441358  0.02005920  0.01350424
  0.01314380  0.00970350  0.01350424  0.00909132
  0.02644580  0.01952379  0.02717102  0.01829206
  0.01952379  0.01441358  0.02005920  0.01350424
  0.02717102  0.02005920  0.02791614  0.01879369
  0.01829206  0.01350424  0.01879369  0.01265228
  0.01780383  0.01314380  0.01829206  0.01231457
  0.01314380  0.00970350  0.01350424  0.00909132
  0.01829206  0.01350424  0.01879369  0.01265228
  0.01231457  0.00909132  0.01265228  0.00851776

omega (dN/dS) =  0.07547

dN & dS for each branch

 branch          t       N       S   dN/dS      dN      dS  N*dN  S*dS

   8..9      0.055   326.0   151.0  0.0755  0.0037  0.0494   1.2   7.5
   9..10     0.163   326.0   151.0  0.0755  0.0112  0.1479   3.6  22.3
  10..11     0.019   326.0   151.0  0.0755  0.0013  0.0168   0.4   2.5
  11..12     0.023   326.0   151.0  0.0755  0.0016  0.0211   0.5   3.2
  12..13     0.026   326.0   151.0  0.0755  0.0018  0.0234   0.6   3.5
  13..5      0.040   326.0   151.0  0.0755  0.0027  0.0360   0.9   5.4
  13..3      0.013   326.0   151.0  0.0755  0.0009  0.0118   0.3   1.8
  12..7      0.053   326.0   151.0  0.0755  0.0036  0.0477   1.2   7.2
  11..4      0.091   326.0   151.0  0.0755  0.0062  0.0827   2.0  12.5
  10..6      0.045   326.0   151.0  0.0755  0.0031  0.0411   1.0   6.2
   9..1      0.156   326.0   151.0  0.0755  0.0107  0.1417   3.5  21.4
   8..2      0.081   326.0   151.0  0.0755  0.0056  0.0738   1.8  11.1

tree length for dN:       0.0523
tree length for dS:       0.6934



TREE #  2:  ((((((5, 3), 7), 4), 6), 1), 2);   MP score: 99
This is a rooted tree.  Please check!
lnL(ntime: 12  np: 17):  -1109.822494      +0.000000
   8..9     9..10   10..11   11..12   12..13   13..5    13..3    12..7    11..4    10..6     9..1     8..2  
 0.082127 0.163298 0.018602 0.023286 0.025810 0.039753 0.013077 0.052624 0.091358 0.045388 0.156478 0.053836 7.926355 1.445752 1.067337 1.485400 0.075469
SEs for parameters:
 1482930.008540 0.046311 0.020914 0.017909 0.016213 0.019418 0.014097 0.021995 0.027641 0.021820 0.037144 1482930.008679 2.191358 0.284286 0.156359 0.236147 0.024280

Note: Branch length is defined as number of nucleotide substitutions per codon (not per neucleotide site).

tree length =   0.76564

((((((5: 0.039753, 3: 0.013077): 0.025810, 7: 0.052624): 0.023286, 4: 0.091358): 0.018602, 6: 0.045388): 0.163298, 1: 0.156478): 0.082127, 2: 0.053836);

((((((cerevisiaeYBR191W: 0.039753, paradoxusYBR191W: 0.013077): 0.025810, mikataeYBR191W: 0.052624): 0.023286, kudriavzeviiYBR191W: 0.091358): 0.018602, bayanusYBR191W: 0.045388): 0.163298, castelliiYBR191W: 0.156478): 0.082127, kluyveriYBR191W: 0.053836);

Detailed output identifying parameters

kappa (ts/tv) =  7.92636

Frequency parameters:
   0.28924 (T)   0.21353 (C)   0.29717 (A)   0.20006 (G)
Equilibrium codon frequencies (evolver-style):
  0.02573989  0.01900267  0.02644578  0.01780381
  0.01900267  0.01402886  0.01952379  0.01314380
  0.02644578  0.01952379  0.00000000  0.00000000
  0.01780381  0.01314380  0.00000000  0.01231457
  0.01900267  0.01402886  0.01952379  0.01314380
  0.01402886  0.01035691  0.01441359  0.00970351
  0.01952379  0.01441359  0.02005921  0.01350425
  0.01314380  0.00970351  0.01350425  0.00909133
  0.02644578  0.01952379  0.02717102  0.01829206
  0.01952379  0.01441359  0.02005921  0.01350425
  0.02717102  0.02005921  0.02791616  0.01879370
  0.01829206  0.01350425  0.01879370  0.01265229
  0.01780381  0.01314380  0.01829206  0.01231457
  0.01314380  0.00970351  0.01350425  0.00909133
  0.01829206  0.01350425  0.01879370  0.01265229
  0.01231457  0.00909133  0.01265229  0.00851777

omega (dN/dS) =  0.07547

dN & dS for each branch

 branch          t       N       S   dN/dS      dN      dS  N*dN  S*dS

   8..9      0.082   326.0   151.0  0.0755  0.0056  0.0744   1.8  11.2
   9..10     0.163   326.0   151.0  0.0755  0.0112  0.1479   3.6  22.3
  10..11     0.019   326.0   151.0  0.0755  0.0013  0.0168   0.4   2.5
  11..12     0.023   326.0   151.0  0.0755  0.0016  0.0211   0.5   3.2
  12..13     0.026   326.0   151.0  0.0755  0.0018  0.0234   0.6   3.5
  13..5      0.040   326.0   151.0  0.0755  0.0027  0.0360   0.9   5.4
  13..3      0.013   326.0   151.0  0.0755  0.0009  0.0118   0.3   1.8
  12..7      0.053   326.0   151.0  0.0755  0.0036  0.0477   1.2   7.2
  11..4      0.091   326.0   151.0  0.0755  0.0062  0.0827   2.0  12.5
  10..6      0.045   326.0   151.0  0.0755  0.0031  0.0411   1.0   6.2
   9..1      0.156   326.0   151.0  0.0755  0.0107  0.1417   3.5  21.4
   8..2      0.054   326.0   151.0  0.0755  0.0037  0.0488   1.2   7.4

tree length for dN:       0.0523
tree length for dS:       0.6934


Tree comparisons (Kishino & Hasegawa 1989; Shimodaira & Hasegawa 1999)
Number of replicates: 10000

  tree           li       Dli     +- SE     pKH       pSH    pRELL

     1    -1109.822    -0.000     0.000   0.500     0.507    0.490
     2*   -1109.822     0.000     0.000  -1.000    -1.000    0.510

pKH: P value for KH normal test (Kishino & Hasegawa 1989)
pRELL: RELL bootstrap proportions (Kishino & Hasegawa 1989)
pSH: P value with multiple-comparison correction (MC in table 1 of Shimodaira & Hasegawa 1999)
(-1 for P values means N/A)

Time used:  0:17
