      7    555

kluyveriYNL301C                 ATG GGT ATT GAT CAC ACT TCC AAG CAA CAC AAG AGA TCT GGT CAC AGA ACC GCT CCA AAG TCC GAC AAC GTC TAC TTG AAG TTG TTG GTC AAG TTG TAC ACC TTC TTG GCT CGT CGT ACT GAT GCT CCA TTC AAC AAG GTT GTC TTG AAG TCT TTG TTC TTG TCT AAG ATC AAC AGA CCA CCT GTC TCT GTC TCT AGA ATT TCT AGA GCT TTG AAG CAA GAA GGT GCC GCC AGC AAG ACT ATT GTC GTT GTT GGT ACC GTC ACT GAT GAC GCC AGA ATT TTT GAA TTC CCA AAG ACC ACC GTT GCT GCT TTG AGA TTC ACT GCT GGT GCC AGA GCC AAG ATC TTG AAG GCT GGT GGT GAA TGT ATC ACT TTG GAC CAA TTG GCC GTT AGA GCT CCA AAG GGT CAA AAC ACT TTG ATC GTC AGA GGT CCA AGA AAC TCC AGA GAA GCC GTT AGA CAC TTC GGT ATG GGT CCA CAC AAG CGT AAG GCT CCA AGA ATC ATG TCC AAG GGT AGA AAG TTC GAA AGA GCC AGA GGT AGA AGA AGA TCC AGA GGT TTC AAG 
bayanusYNL301C                  ATG GGT ATC GAT CAC ACT TCC AAG CAA CAC AAA AGA TCC GGC CAT AGA ACC GCT CCA AAA TCC GAT AAT GTT TAT TTG AAG TTA TTG GTT AAA CTA TAC ACT TTC CTA GCT CGT CGT ACT GAT GCT CCA TTT AAC AAG GTT GTT TTG AAG GCT CTG TTC TTG TCC AAG ATC AAC AGA CCA CCT GTT TCT GCT TCT AGA ATT TCT AGA GCT TTG AAG CAA GAA GGA GCT TCT AAC AAG ACT GTT GTC GTT GTT GGT ACC GTC ACC GAT GAT GCC AGA ATC TAT GAC TTC CCA AAG ACC ACT GTC GCC GCT TTG AGA TTC ACT GCT GGT GCC AGA GCC AAG ATT GTC AAG GCT GGT GGT GAA TGT ATC ACT TTG GAT CAA TTG GCT GTC AGA GCT CCA AAG GGT CAA AAC ACT TTG ATC TTG AGA GGC CCA AGA AAC TCC AGA GAA GCT GTC AGA CAC TTC GGT ATG GGT CCA CAC AAG GGT AAG GCT CCA AGA ATC CAA TCC ACC GGT AGA AAG TTC GAA AGA GCC AGA GGT AGA AGA AGA TCT AAG GGT TTC AAG 
mikataeYNL301C                  ATG GGT ATT GAT CAC ACT TCT AAG CAA CAC AAG AGA TCT GGT CAC AGA ACT GCT CCA AAA TCT GAT AAC GTC TAT CTG AAG TTA TTA GTC AAA CTA TAC ACT TTC CTA GCT CGT CGT ACT GAT GCT CCA TTC AAT AAG GTG GTT TTG AAG GCG TTG TTC TTG TCT AAG ATC AAC AGA CCA CCG GTT TCG GTT TCT AGA ATT TCT AGA GCT TTG AAA CAA GAA GGT GCA GCT AAT AAG ACT GTT GTT GTT GTT GGT ACC GTT ACC GAC GAC GCT AGA ATC TTC GAC TTC CCA AAG ACC ACT GTG GCC GCT TTA AAA TTT ACT GCT GGT GCC AGA GCT AAG ATC GTC AAG GCT GGT GGT GAA TGC ATC ACT TTA GAT CAA TTG GCT GTC AGA GCT CCA AAG GGT CAA AAC ACT TTG ATC TTG AGA GGC CCA AGA AAC TCC AGA GAA GCT GTT AGA CAT TTT GGC ATG GGT CCA CAT AAG GGT AAG GCC CCA AGA ATC TTA TCT ACT GGC AGA AAG TTC GAA AGA GCT AGA GGT AAA AGA AGA TCT AAG GGT TTC AAG 
cerevisiaeYNL301C               ATG GGT ATT GAT CAC ACT TCC AAG CAA CAC AAA AGA TCC GGT CAT AGA ACC GCT CCA AAA TCC GAT AAC GTC TAT TTG AAA TTA TTG GTC AAA CTA TAC ACT TTC CTA GCT CGT CGT ACT GAT GCT CCA TTC AAC AAG GTT GTT TTG AAG GCT TTG TTC TTG TCT AAG ATC AAC AGA CCA CCT GTT TCA GTC TCC AGA ATT GCT AGA GCT TTG AAG CAA GAA GGT GCT GCC AAC AAG ACT GTT GTC GTT GTT GGT ACC GTT ACT GAC GAT GCC AGG ATC TTC GAA TTC CCA AAG ACC ACT GTT GCT GCT TTG AGA TTC ACT GCT GGT GCC AGA GCC AAG ATC GTT AAG GCT GGC GGT GAA TGT ATC ACT TTA GAT CAA TTA GCT GTC AGA GCT CCT AAG GGT CAA AAC ACT TTG ATC TTG AGA GGT CCA AGA AAC TCC AGA GAA GCG GTC AGA CAC TTC GGT ATG GGT CCA CAC AAG GGT AAG GCT CCA AGA ATC TTG TCC ACC GGT AGA AAG TTC GAA AGA GCT AGA GGT AGA AGA AGA TCT AAG GGT TTC AAG 
castelliiYNL301C                ATG GGT ATC GAT CAC ACT TCC AAG CAA CAT AAG AGA TCA GGT CAC AGA ACC GCT CCA AAA TCT GAC AAT GTC TAT TTG AAA TTG TTA GTC AAA TTA TTT TCC TTT TTA GCC CGT CGT ACT GAT GCT CCA TTC AAC AAG GTT GTT TTG AAG TCA TTG TTC ATG TCT AAG ATC AAC AGA CCA CCT GTT TCC GTT TCT AGA ATC TCT AGA GCT TTA AAA CAA GAA GGT GCT GCC GCC AAG ACT ATT GTT GTT GTC GGT ACT GTT ACC GAT GAC GCA AGA GTC TTC GAA TTG CCA AAG ACT ACT GTC GCT GCT TTG AGA TTC ACT GCC TCT GCC AGA GCT AGA ATC GTT AAG GCT GGT AGT GAA TGT ATT ACT TTG GAT CAA TTG GCT GTC AGA GCA CCA AAG GGT CAA AAC ACT TTG ATC TTG AGA GGC CCA AGA AAC TCC AGA GAA GCC GTG AGA CAC TTC GGT ATG GGT CCA CAC AAG AAT AAG GCT CCA AGA ATC ACT TCT ACT GGT AGA AAG TTC GAA AGA GCC AGA GGT AAG AGA AGA TCT AAG GGT TTC AAG 
paradoxusYNL301C                ATG GGT ATT GAT CAC ACT TCC AAG CAG CAC AAG AGA TCT GGT CAC AGA ACC GCT CCA AAA TCC GAT AAC GTC TAT CTA AAA TTA TTA GTC AAG CTT TAC ACT TTC TTA GCT CGT CGT ACT GAT GCT CCA TTC AAC AGG GTT GTT TTG AAG GCT TTG TTC TTG TCT AAG ATC AAC AGA CCA CCT GTT TCC GTT TCT AGA ATT ACT AGA GCT TTG AAG CAG GCA GGT GCA GCC AAC AAG ACG GTT GTC GTT GTT GGT ACC GTT ACC GAC GAC GCC AGA ATC TTC GAT TTC CCA AAG ACT ACT GTG GCC GCT CTA CGA TTT ACT GCT GGC GCC AGG GCC AAG ATC GTC AAA GCT GGT GGT GAA TGC ATC GCT TTG GAT CAA TTG GCT GTC AGA GCT CCC AAG GGT CAA AAT ACT TTG ATT TTG AGA GGT CCA AGA AAC TCC AGA GAA GCT GTT AGA CAT TTC GGT ATG GGT CCA CAC AAG GGT AAA GCC CCA AGA ATC TTA TCT ACT GGT AGA AAA TTC GAA AGA GCT AGA GGT AGA AGA AGA TCT AAG GGT TTC AAG 
kudriavzeviiYNL301C             ATG GGT ATT GAC CAC ACT TCT AAA CAG CAC AAG AGA TCA GGT CAC AGA ACC GCT CCA AAA TCC GAT AAC GTC TAT CTA AAA TTA TTG GTC AAG CTA TAC ACT TTC CTA GCC CGT CGT ACG GAT GCT CCA TTC AAC AAG GTC GTT TTG AAG GCT TTG TTC TTG TCT AAA ATT AAC AGA CCG CCT GTT TCT GTC TCT AGA ATT TCT AGA GCT TTG AAG CAG GAA GGT GCT GCA AAC AAG ACT GTT GTT GTT GTT GGT ACC GTT ACC GAC GAT TCC AGA ATC TAT GAA TTC CCA AAG ACC ACT GTT GCT GCT TTG AGA TTC ACT GCC GGT GCC AGA AGT AAG ATT GTT AAG GCT GGT GGT GAA TGT ATC ACT TTG GAC CAA TTG GCT GTC AGA GCT CCA AAG GGT CAA AAC ACT TTG ATC CTG AGG GGT CCA AGA AAC TCC AGA GAA GCT GTC AGA CAC TTC GGT ATG GGT CCA CAC AAG GGT AAG GCC CCA AGA ATT TTA TCT ACC GGC AGA AAG TTC GAA AGG GCT AGA GGT AGA AGA AGA TCC AAG GGT TTC AAG 



Printing out site pattern counts


         7        399  P

kluyveriYNL301C                 AAC AAC AAC AAC AAG AAG AAG AAG AAG AAG AAG AAG AAG AAG AAG ACC ACC ACC ACC ACC ACT ACT ACT ACT ACT AGA AGA AGA AGA AGA AGA AGA AGC ATC ATC ATC ATC ATG ATG ATT ATT ATT ATT CAA CAA CAC CAC CAC CAC CAC CCA CCA CCA CCT CGT CGT GAA GAA GAA GAC GAC GAC GAT GAT GAT GCC GCC GCC GCC GCC GCC GCC GCC GCT GCT GCT GCT GCT GGT GGT GGT GGT GGT GGT GGT GGT GGT GTC GTC GTC GTC GTC GTC GTT GTT GTT GTT GTT GTT TAC TAC TCC TCC TCC TCC TCC TCT TCT TCT TCT TCT TCT TGT TTC TTC TTC TTC TTC TTC TTG TTG TTG TTG TTG TTG TTG TTG TTG TTG TTG TTG TTG TTT 
bayanusYNL301C                  ... ... ... ..T ..A ..A ..A ... ... ... ... ... ... ... .CC ... ... ... ..T ..T ..C ... ... ... ... .AG ... ... ... ... ... ... .A. ... ... ... ..T ... CAA ..C ..C ... G.. ... ... ... ... ... ... ..T ... ... ... ... ... G.. ... ... ..C ..T ..T ..T ... ... ... ... ... ... ... ..T ..T ..T T.T ..C ... ... ... ... ..A ..C ..C ... ... ... ... ... ... .CT ... ... ..T ..T T.G ..C ..C ..C ... ... ... ... ..T ... ... ... ... ..T G.. ..C ..C ... ... ... ... ... ... ... ... ... ..T C.A C.A C.. G.C ..A ... ... ... ... ... ... ... ... .A. 
mikataeYNL301C                  ... ... ..T ... ..A ..A ... ..A ... ... ... ... ... ... .CT ... ... ..T ..T ..T ..C ... ... ... ... .AG .A. .A. ... ... ... ... .AT ... ... ... ... ... T.A ..C ... ... G.. ... ... ... ... ..T ..T ... ... ... ... ..G ... G.. ... ... ..C ... ..T ..T ..C ... ... ... ..T ..T ..T ..A ..T ..T ..T ..C ..C ... ... ... ... ..C ... ..C ..C ... ... ... ... ..T ..T ..T ... ..T T.G ..C ..G ... ..G ... ... ... ..T ... ..T ..T ..T ..T G.G ... ... ..G ... ... ..C ... ... ... ..T ..T ... C.A C.A ... G.C ..A C.. ..A ..A ..A ... ... ... ... ..C 
cerevisiaeYNL301C               ... ... ... ... ..A ..A ..A ... ..A ... ... ... ... ... .CC ... ... ... ..T ..T ... ... ... ... ... .AG ... ... ... ... ... ..G .A. ... ... ... ... ... T.. ..C ... ... G.. ... ... ... ... ... ... ..T ... ... ..T ... ... G.. ... ... ... ..T ..T ..T ..C ... ... ... ... ... ..T ..T ..G ..T ... ... ... ... ... ... ... ... ... ... ... ..C ... ... ... ... ... ..T ... ..T T.G ..C ... ..C ... ... ... ... ..T ... ... ... ... ..T G.. ..C ... ..A G.. ..C ... ... ... ... ... ... ... C.A C.A ... G.T ..A ... ..A ... ... ..A ... ... ... ..C 
castelliiYNL301C                ... ... ... ..T ..A ..A ... ..A ..A ... ... ... ... .GA .CT ..T ..T ... ..T T.. ..C ... ... ... ... .AG .AG ... ... ... ... ... GC. ... ... ..T ... ... .CT G.C ..C ..C ... ... ... ... ..T ... ... ... ... ... ... ... ... AA. ... ... ... ... ... ..T ... ... ... ... ..A ..T ... ..T ... ..T ... ... ... ..A ..C ... ... ..C ... ... ... ... A.. ... TC. ..T ..T ..T ... ..T T.G ..C ..C ..G ... ..C ... .TT ..T ... ... ..T ..T ..T ..A ..A ... ..C ... ... ... ... ..G ..T ... ... ... ..A ..A ... G.T ... ... ... ..A ... ... A.. ..A ... ..C 
paradoxusYNL301C                ... ..T ... ... ..A ... ... ... ..A ..A ... ... .G. ... .CT ... ..T ... ..T ..T ..C ..G ... ... G.. .AG ... C.. ... ... ..G ... .A. ... ..T ... ... ... T.A ..C ... ... G.. ... ..G ... ... ... ..T ... ... ... ..C ... ... G.. ... .C. ..T ... ..T ..T ..C ... ... ... ... ... ..T ..A ..T ..T ... ..C ..C ... ... ... ... ... ... ... ... ... ... ... ..C ..T ... ..T ... ..T T.G ..C ..G ... ... ... ... ... ..T ... ... ... ..T ..T G.. ... ... ..C A.. ... ..C ... ... ... ... ..T ... C.T ..A ... G.C ..A C.A ... ..A C.A ... ... ... ... ..C 
kudriavzeviiYNL301C             ... ... ... ... ..A ... ... ... ..A ... ..A ... ... ... .CC ... ... ... ..T ..T ..C ... ..G ... ... .AG ... ... ... ..G ... ... .A. ..T ... ... ..T ... T.A ..C ... ... G.. ... ..G ... ... ... ... ... ... ..G ... ... ... G.. ... ... ... ..T ..T ... ..C ..C ... ... T.. AGT ..T ..T ..T ..T ..A ... ..C ... ..C ... ... ... ... ..C ... ... ... ... ... ... ..T ..T ... ..T C.G ..C ... ..C ..C ... ... ... ..T ... ..T ... ..T ... G.. ..A ... ... ... ... ... ... ... ... ... ... ... C.A C.A ... G.T ..A C.A ... ... ... ... ... ... ... .A. 

    2    1    1    1    1    1    1    1    1    3    2    6    1    1    1
    1    1    1    1    1    1    1    1    3    1    1    1    1   14    2
    1    1    1    2    1    1    1    2    1    1    1    1    1    2    2
    1    1    1    1    1    6    1    1    1    2    1    3    1    1    1
    1    1    1    1    1    1    1    1    1    1    1    1    1    1    1
    1    2    5    1    1    1    1    1    1    1    6    1    1    1    1
    2    2    1    1    1    1    1    1    1    1    1    1    1    1    1
    1    1    1    1    1    1    1    1    3    1    1    1    1    1    1
    1    1    1    1    1    1    1    1    1    1    1    2    1

CODONML (in paml version 4.8a, August 2014)  /Users/xji3/Genconv/IdenticalParalogAlignment/YNL301C_YOL120C/YNL301C_YOL120C_IdenticalParalog_paml_input.fasta
Model: One dN/dS ratio for branches, 
Codon frequency model: F1x4MG
ns =   7  ls = 185

Codon usage in sequences
--------------------------------------------------------------------------------------------------------------------------------------
Phe TTT   1   1   2   0   2   1 | Ser TCT   6   5   8   2   7   5 | Tyr TAT   0   2   1   1   1   1 | Cys TGT   1   1   0   1   1   0
    TTC   8   7   7   9   7   8 |     TCC   5   6   1   6   4   4 |     TAC   2   1   1   1   0   1 |     TGC   0   0   1   0   0   1
Leu TTA   0   1   5   3   4   4 |     TCA   0   0   0   1   2   0 | *** TAA   0   0   0   0   0   0 | *** TGA   0   0   0   0   0   0
    TTG  14  10   7  10  10   8 |     TCG   0   0   1   0   0   0 |     TAG   0   0   0   0   0   0 | Trp TGG   0   0   0   0   0   0
--------------------------------------------------------------------------------------------------------------------------------------
Leu CTT   0   0   0   0   0   1 | Pro CCT   1   1   0   2   1   1 | His CAT   0   1   2   1   1   1 | Arg CGT   3   2   2   2   2   2
    CTC   0   0   0   0   0   0 |     CCC   0   0   0   0   0   1 |     CAC   5   4   3   4   4   4 |     CGC   0   0   0   0   0   0
    CTA   0   2   2   2   0   2 |     CCA   8   8   8   7   8   7 | Gln CAA   4   5   4   4   4   2 |     CGA   0   0   0   0   0   1
    CTG   0   1   1   0   0   0 |     CCG   0   0   1   0   0   0 |     CAG   0   0   0   0   0   2 |     CGG   0   0   0   0   0   0
--------------------------------------------------------------------------------------------------------------------------------------
Ile ATT   4   2   2   2   2   3 | Thr ACT   7   8  10   9  11   9 | Asn AAT   0   1   2   0   2   1 | Ser AGT   0   0   0   0   1   0
    ATC   5   6   6   6   6   5 |     ACC   5   5   3   4   2   3 |     AAC   5   5   4   6   4   5 |     AGC   1   0   0   0   0   0
    ATA   0   0   0   0   0   0 |     ACA   0   0   0   0   0   0 | Lys AAA   0   3   5   4   4   5 | Arg AGA  21  20  18  19  20  18
Met ATG   3   2   2   2   3   2 |     ACG   0   0   0   0   0   1 |     AAG  19  16  16  15  15  13 |     AGG   0   0   0   1   0   2
--------------------------------------------------------------------------------------------------------------------------------------
Val GTT   6   8   9   9   8   9 | Ala GCT  10  14  14  15  10  13 | Asp GAT   3   6   4   5   4   5 | Gly GGT  14  12  12  14  11  14
    GTC   8   6   4   6   6   5 |     GCC   8   5   3   4   7   6 |     GAC   3   1   3   1   2   2 |     GGC   0   2   3   1   1   1
    GTA   0   0   0   0   0   0 |     GCA   0   0   1   0   2   2 | Glu GAA   5   4   4   5   5   3 |     GGA   0   1   0   0   0   0
    GTG   0   0   2   0   1   1 |     GCG   0   0   1   1   0   0 |     GAG   0   0   0   0   0   0 |     GGG   0   0   0   0   0   0
--------------------------------------------------------------------------------------------------------------------------------------

------------------------------------------------------
Phe TTT   0 | Ser TCT   6 | Tyr TAT   2 | Cys TGT   1
    TTC   8 |     TCC   4 |     TAC   1 |     TGC   0
Leu TTA   2 |     TCA   1 | *** TAA   0 | *** TGA   0
    TTG   9 |     TCG   0 |     TAG   0 | Trp TGG   0
------------------------------------------------------
Leu CTT   0 | Pro CCT   1 | His CAT   0 | Arg CGT   2
    CTC   0 |     CCC   0 |     CAC   5 |     CGC   0
    CTA   3 |     CCA   7 | Gln CAA   2 |     CGA   0
    CTG   1 |     CCG   1 |     CAG   2 |     CGG   0
------------------------------------------------------
Ile ATT   5 | Thr ACT   7 | Asn AAT   0 | Ser AGT   1
    ATC   3 |     ACC   5 |     AAC   6 |     AGC   0
    ATA   0 |     ACA   0 | Lys AAA   4 | Arg AGA  18
Met ATG   2 |     ACG   1 |     AAG  15 |     AGG   2
------------------------------------------------------
Val GTT   9 | Ala GCT  12 | Asp GAT   3 | Gly GGT  14
    GTC   6 |     GCC   4 |     GAC   3 |     GGC   1
    GTA   0 |     GCA   1 | Glu GAA   5 |     GGA   0
    GTG   0 |     GCG   0 |     GAG   0 |     GGG   0
------------------------------------------------------

Codon position x base (3x4) table for each sequence.

#1: kluyveriYNL301C
position  1:    T:0.20000    C:0.11351    A:0.37838    G:0.30811
position  2:    T:0.26486    C:0.27027    A:0.24865    G:0.21622
position  3:    T:0.30270    C:0.29730    A:0.20541    G:0.19459
Average         T:0.25586    C:0.22703    A:0.27748    G:0.23964

#2: bayanusYNL301C 
position  1:    T:0.18378    C:0.12973    A:0.36757    G:0.31892
position  2:    T:0.24865    C:0.28108    A:0.26486    G:0.20541
position  3:    T:0.34595    C:0.25946    A:0.23784    G:0.15676
Average         T:0.25946    C:0.22342    A:0.29009    G:0.22703

#3: mikataeYNL301C 
position  1:    T:0.18378    C:0.12432    A:0.36757    G:0.32432
position  2:    T:0.26486    C:0.27568    A:0.26486    G:0.19459
position  3:    T:0.36757    C:0.21081    A:0.25405    G:0.16757
Average         T:0.27207    C:0.20360    A:0.29550    G:0.22883

#4: cerevisiaeYNL301C
position  1:    T:0.18378    C:0.11892    A:0.36757    G:0.32973
position  2:    T:0.26486    C:0.27568    A:0.25405    G:0.20541
position  3:    T:0.34054    C:0.25946    A:0.24324    G:0.15676
Average         T:0.26306    C:0.21802    A:0.28829    G:0.23063

#5: castelliiYNL301C
position  1:    T:0.20541    C:0.10811    A:0.37838    G:0.30811
position  2:    T:0.26486    C:0.29189    A:0.24865    G:0.19459
position  3:    T:0.34595    C:0.23243    A:0.26486    G:0.15676
Average         T:0.27207    C:0.21081    A:0.29730    G:0.21982

#6: paradoxusYNL301C
position  1:    T:0.17838    C:0.12973    A:0.36216    G:0.32973
position  2:    T:0.26486    C:0.28108    A:0.24324    G:0.21081
position  3:    T:0.35676    C:0.24865    A:0.23784    G:0.15676
Average         T:0.26667    C:0.21982    A:0.28108    G:0.23243

#7: kudriavzeviiYNL301C
position  1:    T:0.18378    C:0.12973    A:0.37297    G:0.31351
position  2:    T:0.25946    C:0.27027    A:0.25946    G:0.21081
position  3:    T:0.34054    C:0.24865    A:0.23243    G:0.17838
Average         T:0.26126    C:0.21622    A:0.28829    G:0.23423

Sums of codon usage counts
------------------------------------------------------------------------------
Phe F TTT       7 | Ser S TCT      39 | Tyr Y TAT       8 | Cys C TGT       5
      TTC      54 |       TCC      30 |       TAC       7 |       TGC       2
Leu L TTA      19 |       TCA       4 | *** * TAA       0 | *** * TGA       0
      TTG      68 |       TCG       1 |       TAG       0 | Trp W TGG       0
------------------------------------------------------------------------------
Leu L CTT       1 | Pro P CCT       7 | His H CAT       6 | Arg R CGT      15
      CTC       0 |       CCC       1 |       CAC      29 |       CGC       0
      CTA      11 |       CCA      53 | Gln Q CAA      25 |       CGA       1
      CTG       3 |       CCG       2 |       CAG       4 |       CGG       0
------------------------------------------------------------------------------
Ile I ATT      20 | Thr T ACT      61 | Asn N AAT       6 | Ser S AGT       2
      ATC      37 |       ACC      27 |       AAC      35 |       AGC       1
      ATA       0 |       ACA       0 | Lys K AAA      25 | Arg R AGA     134
Met M ATG      16 |       ACG       2 |       AAG     109 |       AGG       5
------------------------------------------------------------------------------
Val V GTT      58 | Ala A GCT      88 | Asp D GAT      30 | Gly G GGT      91
      GTC      41 |       GCC      37 |       GAC      15 |       GGC       9
      GTA       0 |       GCA       6 | Glu E GAA      31 |       GGA       1
      GTG       4 |       GCG       2 |       GAG       0 |       GGG       0
------------------------------------------------------------------------------


Codon position x base (3x4) table, overall

position  1:    T:0.18842    C:0.12201    A:0.37066    G:0.31892
position  2:    T:0.26178    C:0.27799    A:0.25483    G:0.20541
position  3:    T:0.34286    C:0.25097    A:0.23938    G:0.16680
Average         T:0.26435    C:0.21699    A:0.28829    G:0.23037

Codon frequencies under model, for use in evolver (TTT TTC TTA TTG ... GGG):
  0.01959137  0.01608133  0.02136547  0.01707330
  0.01608133  0.01320016  0.01753758  0.01401440
  0.02136547  0.01753758  0.00000000  0.00000000
  0.01707330  0.01401440  0.00000000  0.01487887
  0.01608133  0.01320016  0.01753758  0.01401440
  0.01320016  0.01083518  0.01439550  0.01150355
  0.01753758  0.01439550  0.01912569  0.01528348
  0.01401440  0.01150355  0.01528348  0.01221314
  0.02136547  0.01753758  0.02330022  0.01861937
  0.01753758  0.01439550  0.01912569  0.01528348
  0.02330022  0.01912569  0.02541017  0.02030545
  0.01861937  0.01528348  0.02030545  0.01622623
  0.01707330  0.01401440  0.01861937  0.01487887
  0.01401440  0.01150355  0.01528348  0.01221314
  0.01861937  0.01528348  0.02030545  0.01622623
  0.01487887  0.01221314  0.01622623  0.01296650



Nei & Gojobori 1986. dN/dS (dN, dS)
(Note: This matrix is not used in later ML. analysis.
Use runmode = -2 for ML pairwise comparison.)

kluyveriYNL301C     
bayanusYNL301C       0.0916 (0.0388 0.4239)
mikataeYNL301C       0.0530 (0.0342 0.6454) 0.0302 (0.0145 0.4816)
cerevisiaeYNL301C    0.0764 (0.0280 0.3663) 0.0523 (0.0145 0.2777) 0.0212 (0.0096 0.4549)
castelliiYNL301C     0.0990 (0.0518 0.5232) 0.1133 (0.0559 0.4931) 0.0884 (0.0477 0.5397) 0.0975 (0.0482 0.4936)
paradoxusYNL301C     0.0770 (0.0418 0.5431) 0.0355 (0.0195 0.5490) 0.0440 (0.0158 0.3584) 0.0276 (0.0121 0.4382) 0.1017 (0.0607 0.5967)
kudriavzeviiYNL301C  0.0658 (0.0355 0.5389) 0.0354 (0.0170 0.4803) 0.0334 (0.0170 0.5088) 0.0310 (0.0121 0.3902) 0.0875 (0.0554 0.6336) 0.0435 (0.0219 0.5045)


TREE #  1:  ((((((4, 6), 3), 7), 2), 5), 1);   MP score: 221
This is a rooted tree.  Please check!
lnL(ntime: 12  np: 17):  -1685.651639      +0.000000
   8..9     9..10   10..11   11..12   12..13   13..4    13..6    12..3    11..7    10..2     9..5     8..1  
 0.081038 0.068142 0.013564 0.000004 0.001132 0.097023 0.225768 0.225811 0.210441 0.159291 0.329176 0.107978 4.912195 1.444214 1.007546 1.349246 0.078385
SEs for parameters:
 -1.000000 0.032588 0.019373 0.026229 0.013893 0.031053 0.044343 0.044629 0.035965 0.035659 0.055774 -1.000000 0.788755 0.212401 0.112197 0.157173 0.014190

Note: Branch length is defined as number of nucleotide substitutions per codon (not per neucleotide site).

tree length =   1.51937

((((((4: 0.097023, 6: 0.225768): 0.001132, 3: 0.225811): 0.000004, 7: 0.210441): 0.013564, 2: 0.159291): 0.068142, 5: 0.329176): 0.081038, 1: 0.107978);

((((((cerevisiaeYNL301C: 0.097023, paradoxusYNL301C: 0.225768): 0.001132, mikataeYNL301C: 0.225811): 0.000004, kudriavzeviiYNL301C: 0.210441): 0.013564, bayanusYNL301C: 0.159291): 0.068142, castelliiYNL301C: 0.329176): 0.081038, kluyveriYNL301C: 0.107978);

Detailed output identifying parameters

kappa (ts/tv) =  4.91220

Frequency parameters:
   0.30081 (T)   0.20986 (C)   0.28103 (A)   0.20829 (G)
Equilibrium codon frequencies (evolver-style):
  0.02892659  0.02018044  0.02702444  0.02002929
  0.02018044  0.01407874  0.01885341  0.01397330
  0.02702444  0.01885341  0.00000000  0.00000000
  0.02002929  0.01397330  0.00000000  0.01386865
  0.02018044  0.01407874  0.01885341  0.01397330
  0.01407874  0.00982194  0.01315295  0.00974838
  0.01885341  0.01315295  0.01761365  0.01305444
  0.01397330  0.00974838  0.01305444  0.00967536
  0.02702444  0.01885341  0.02524737  0.01871221
  0.01885341  0.01315295  0.01761365  0.01305444
  0.02524737  0.01761365  0.02358715  0.01748173
  0.01871221  0.01305444  0.01748173  0.01295667
  0.02002929  0.01397330  0.01871221  0.01386865
  0.01397330  0.00974838  0.01305444  0.00967536
  0.01871221  0.01305444  0.01748173  0.01295667
  0.01386865  0.00967536  0.01295667  0.00960290

omega (dN/dS) =  0.07838

dN & dS for each branch

 branch          t       N       S   dN/dS      dN      dS  N*dN  S*dS

   8..9      0.081   386.6   168.4  0.0784  0.0059  0.0754   2.3  12.7
   9..10     0.068   386.6   168.4  0.0784  0.0050  0.0634   1.9  10.7
  10..11     0.014   386.6   168.4  0.0784  0.0010  0.0126   0.4   2.1
  11..12     0.000   386.6   168.4  0.0784  0.0000  0.0000   0.0   0.0
  12..13     0.001   386.6   168.4  0.0784  0.0001  0.0011   0.0   0.2
  13..4      0.097   386.6   168.4  0.0784  0.0071  0.0903   2.7  15.2
  13..6      0.226   386.6   168.4  0.0784  0.0165  0.2102   6.4  35.4
  12..3      0.226   386.6   168.4  0.0784  0.0165  0.2102   6.4  35.4
  11..7      0.210   386.6   168.4  0.0784  0.0154  0.1959   5.9  33.0
  10..2      0.159   386.6   168.4  0.0784  0.0116  0.1483   4.5  25.0
   9..5      0.329   386.6   168.4  0.0784  0.0240  0.3064   9.3  51.6
   8..1      0.108   386.6   168.4  0.0784  0.0079  0.1005   3.0  16.9

tree length for dN:       0.1109
tree length for dS:       1.4144



TREE #  2:  ((((((4, 6), 3), 7), 2), 5), 1);   MP score: 221
This is a rooted tree.  Please check!
lnL(ntime: 12  np: 17):  -1685.651639      +0.000000
   8..9     9..10   10..11   11..12   12..13   13..4    13..6    12..3    11..7    10..2     9..5     8..1  
 0.108647 0.068142 0.013564 0.000004 0.001132 0.097023 0.225768 0.225811 0.210441 0.159291 0.329176 0.080369 4.912197 1.444214 1.007546 1.349246 0.078385
SEs for parameters:
 -1.000000 0.031165 0.019261 0.024424 0.013631 0.031670 0.045518 0.047096 0.037805 0.035601 0.057583 -1.000000 0.502781 0.221503 0.111983 0.174026 0.014136

Note: Branch length is defined as number of nucleotide substitutions per codon (not per neucleotide site).

tree length =   1.51937

((((((4: 0.097023, 6: 0.225768): 0.001132, 3: 0.225811): 0.000004, 7: 0.210441): 0.013564, 2: 0.159291): 0.068142, 5: 0.329176): 0.108647, 1: 0.080369);

((((((cerevisiaeYNL301C: 0.097023, paradoxusYNL301C: 0.225768): 0.001132, mikataeYNL301C: 0.225811): 0.000004, kudriavzeviiYNL301C: 0.210441): 0.013564, bayanusYNL301C: 0.159291): 0.068142, castelliiYNL301C: 0.329176): 0.108647, kluyveriYNL301C: 0.080369);

Detailed output identifying parameters

kappa (ts/tv) =  4.91220

Frequency parameters:
   0.30081 (T)   0.20986 (C)   0.28103 (A)   0.20829 (G)
Equilibrium codon frequencies (evolver-style):
  0.02892659  0.02018044  0.02702444  0.02002929
  0.02018044  0.01407874  0.01885341  0.01397330
  0.02702444  0.01885341  0.00000000  0.00000000
  0.02002929  0.01397330  0.00000000  0.01386864
  0.02018044  0.01407874  0.01885341  0.01397330
  0.01407874  0.00982194  0.01315295  0.00974838
  0.01885341  0.01315295  0.01761365  0.01305444
  0.01397330  0.00974838  0.01305444  0.00967536
  0.02702444  0.01885341  0.02524737  0.01871221
  0.01885341  0.01315295  0.01761365  0.01305444
  0.02524737  0.01761365  0.02358715  0.01748173
  0.01871221  0.01305444  0.01748173  0.01295667
  0.02002929  0.01397330  0.01871221  0.01386864
  0.01397330  0.00974838  0.01305444  0.00967536
  0.01871221  0.01305444  0.01748173  0.01295667
  0.01386864  0.00967536  0.01295667  0.00960290

omega (dN/dS) =  0.07838

dN & dS for each branch

 branch          t       N       S   dN/dS      dN      dS  N*dN  S*dS

   8..9      0.109   386.6   168.4  0.0784  0.0079  0.1011   3.1  17.0
   9..10     0.068   386.6   168.4  0.0784  0.0050  0.0634   1.9  10.7
  10..11     0.014   386.6   168.4  0.0784  0.0010  0.0126   0.4   2.1
  11..12     0.000   386.6   168.4  0.0784  0.0000  0.0000   0.0   0.0
  12..13     0.001   386.6   168.4  0.0784  0.0001  0.0011   0.0   0.2
  13..4      0.097   386.6   168.4  0.0784  0.0071  0.0903   2.7  15.2
  13..6      0.226   386.6   168.4  0.0784  0.0165  0.2102   6.4  35.4
  12..3      0.226   386.6   168.4  0.0784  0.0165  0.2102   6.4  35.4
  11..7      0.210   386.6   168.4  0.0784  0.0154  0.1959   5.9  33.0
  10..2      0.159   386.6   168.4  0.0784  0.0116  0.1483   4.5  25.0
   9..5      0.329   386.6   168.4  0.0784  0.0240  0.3064   9.3  51.6
   8..1      0.080   386.6   168.4  0.0784  0.0059  0.0748   2.3  12.6

tree length for dN:       0.1109
tree length for dS:       1.4144


Tree comparisons (Kishino & Hasegawa 1989; Shimodaira & Hasegawa 1999)
Number of replicates: 10000

  tree           li       Dli     +- SE     pKH       pSH    pRELL

     1*   -1685.652     0.000     0.000  -1.000    -1.000    0.499
     2    -1685.652    -0.000     0.000   0.500     0.508    0.501

pKH: P value for KH normal test (Kishino & Hasegawa 1989)
pRELL: RELL bootstrap proportions (Kishino & Hasegawa 1989)
pSH: P value with multiple-comparison correction (MC in table 1 of Shimodaira & Hasegawa 1999)
(-1 for P values means N/A)

Time used:  0:14
