      7    591

castelliiYNL069C                ATG TCC GAA CCA GTC TTC GTT ATT GAT GGT AAG GGC CAT TTA GTC GGT CGT TTA GCC TCC ATT GTT GCC AAG CAA TTA TTG AAT GGT CAA AAG ATC GTT GTT GTC AGA GCT GAA GCT TTG AAC ATC TCT GGT GAA TTC TTC AGA AAC AAG TTA AAG TAC CAC GAT TAC TTG AGA AAG GCT ACT ATC TTC AAC AAG ACC CGT GGT CCA TTC CAT TTC AGA GCC CCA TCT AGA ATT TTC TAC AAG GCT GTC CGT GGT ATG GTT TCT CAC AAG ACC GCC CGT GGT AAG GCT GCC ATG GAA AGA TTA AAG GTC TTT GAA GGT GTC CCA CCA CCA TAC GAC AAG AAG AAG AGA GTC GTT GTT CCA AAC GCT TTG AGA GTC TTG AGA TTG AAG CCA GGT AGA AAG TAC ACT ACT TTA GGT AAG TTG TCT TCT TCC GTT GGT TGG AAA TAC GAA GAT GTT GTC TCC AAG TTG GAA GAA AAG AGA AAG GTC AGA TCC GCT GAA TAC TAC GCC AAG AAG AGA GCT TTC AAC AAG AAG GTT ACC TCT GCT ACT GCT GCT GCT TCT GAA TCT GAA GCT GCT AAG CAA TTG GCC ACC TTC GGT 
kluyveriYNL069C                 ATG TCT GAA CCA GTT GTT GTT ATT GAT GGT AAG GGC CAC TTG TTG GGT CGT TTG GCT TCC ACT GTT GCT AAG CAA TTG TTG AAC GGT CAA AAG ATC GTT ATC GTC AGA GCT GAA GCT TTG AAC ATC TCT GGT GAA TTT TTC AGA AAC AAG TTG AAG TAC CAC GAC TAC TTG AGA AAG GCT ACT GCC TTC AAC AAG ACC CGT GGT CCA TTC CAC TTC AGA GCC CCA TCC AGA ATC TTC TAC AAG GCT GTT CGT GGT ATG GTT GCT CAC AAG ACC GCC CGT GGT AAG GCT GCC ATG GAA CGT TTA AAG GTC TTC GAA GGT GTC CCA CCT CCA TAC GAC AAG AAG AAG AGA GTT GTT GTT CCA CAA GCT TTG AGA GTC TTG AGA TTG AAG CCA GGT AGA AAG TAC ACC ACC TTG GGT AAG TTG TCT ACT TCC GTC GGT TGG AAG TAC GAA GAT GTT GTT GCC AAG TTG GAA GAA AAG AGA AAG GTC AGA TCT GCC GAA TAC TAC GCT AAG AAG AAG GCC TTC AAC AAG AAG GTT GTT GCT GCC AAG GCC GCC ACC GCT GAA TCT GAA GCT GCT CAA AAG TTG GCT GCT TTC GGT 
bayanusYNL069C                  ATG TCT CAA CCA GTC GTT GTT ATT GAT GCT AAG GAT CAT TTG TTG GGT CGT TTG GCC TCC ACT ATT GCC AAG CAA CTA TTG AAC GGT CAA AAG ATT GTT GTT GTC AGA ACT GAA GCT TTG AAC ATT TCT GGT GAA TTC TTC AGA AAC AAG TTA AAG TAC CAC GAC TTC TTG AGA AAG GCT ACT CGT TTC AAC AAG ACC CGT GGT CCA TTC CAT TTC AGA GCT CCA TCT AGA ATT CTT TAC AAG GCT ATC CGT GGT ATG GTT TCC CAC AAG ACC GCT CGT GGT AAG GCT GCC ATG GAA CGT TTA AAG GTC TTT GAA GGT ATC CCA CCT CCA TAC GAC AAG AAG AAG AGA GTT GTT GTT CCT CAA GCT TTG AGA GTT TTG AGA TTG AAG CCA GGT AGA AAG TTC ACC ACT TTG GCT AGA TTA TCT TCT TCT GTT GGT TGG AAA TAC GAA GAC GTT GTT GCC AAA TTG GAA GAC AAG AGA AAG GTT TCA TCC GCT GAA TAC TAC GCT AAG AAG AGA GCT TTC GCC AAG AAG GTC TCT TCC GCC TCT GCT GCT GCT TCT GAA TCC GAC GTT GCT AAG CAA TTA GCT TCT TTC GGT 
mikataeYNL069C                  ATG TCT CAA CCA GTC GTT GTT ATT GAT GCT AAG GAT CAT TTG TTG GGT CGT TTG GCC TCC ACT ATT GCC AAG CAA GTA TTG AAC GGT CAA AAG ATT GTT GTT GTC AGA GCT GAA GCT TTG AAC ATT TCT GGT GAA TTC TTC AGA AAC AAG TTG AAG TAT CAT GAC TTT TTG AGA AAG GCT ACT GCT TTC AAC AAG ACC CGT GGT CCA TTC CAT TTC AGA GCT CCA TCT AGA ATT CTT TAC AAG GCT ATT CGT GGT ATG GTT TCC CAC AAG ACC GCT CGT GGT AAG GCT GCC TTG GAA CGT TTA AAG ATC TTC GAA GGT ATT CCA CCT CCA TAC GAC AAG AAG AAG AGA GTT GTC GTT CCT CAA GCT TTG AGA GTT TTG AGA TTG AAG CCA GGT AGA AAG TAC ACC ACC TTG GGT AAA TTG TCT ACT TCT GTC GGT TGG AAA TAC GAA GAT GTT GTC GCT AAA TTA GAA GAC AAG AGA AAG GTC AGA TCT GCT GAA TAC TAC GCC AAG AAG AGA GCT TTT GCC AAG AAG GTT TCT TCT GCT TCT GCT GCT GCT TCT GAA TCC GAT GTT GCT AAG CAA TTA GCT TCT TTC GGT 
paradoxusYNL069C                ATG TCT CAA CCA GTC GTT GTT ATT GAT GCT AAG GAT CAT TTG TTG GGT CGT TTG GCC TCC ACT ATT GCC AAG CAA GTA TTG AAC GGT CAA AAG ATT GTT GTT GTC AGA GCT GAA GCT TTG AAC ATT TCT GGT GAA TTC TTC AGA AAC AAG TTG AAG TAC CAC GAC TTT TTG AGA AAG GCT ACT GCT TTC AAC AAG ACC CGT GGT CCA TTC CAT TTC AGA GCT CCA TCT AGA ATT CTT TAC AAG GCT ATT CGT GGT ATG GTT TCC CAC AAG ACC GCT CGT GGT AAG GCT GCC TTG GAA CGT TTA AAG ATC TTC GAA GGT ATT CCA CCT CCA TAC GAC AAA AAG AAG AGA GTT GTT GTT CCT CAA GCT TTG AGA GTT TTG AGA TTG AAG CCA GGT AGA AAG TAC ACC ACT TTG GGT AAG TTG TCT ACT TCC GTT GGT TGG AAA TAC GAA GAT GTT GTT GCT AAA TTA GAA GAC AAG AGA AAG GTC AGA TCT GCC GAA TAC TAC GCT AAG AAG AGA GCT TTC GCC AAG AAG GTT TCT TCT GCT TCT GCT GCT GCT TCT GAA TCC GAT GTT GCC AAG CAA TTG GCT TCT TTC GGT 
kudriavzeviiYNL069C             ATG TCT CAA CCA GTC GTT GTT ATT GAT GCT AAG GAT CAT TTG TTG GGT CGT TTG GCC TCC ACT GTT GCC AAG CAA GTA TTG AAC GGT CAA AAG ATT GTT GTT GTC AGA GCC GAA GCT TTG AAC ATT TCT GGT GAA TTC TTC AGA AAC AAG TTG AAG TAC CAC GAC TTT TTG AGA AAG GCT ACT GCT TTC AAC AAG ACC CGT GGT CCA TTT CAT TTC AGA GCT CCA TCT AGA ATT CTT TAC AAG GCT ATT CGT GGT ATG GTT TCC CAC AAG ACC GCT CGT GGT AAG GCT GCC TTG GAA CGT TTA AAG ATC TTC GAA GGT ATT CCA CCT CCA TAC GAC AAG AAG AAG AGA GTT GTT GTT CCT CAA GCT TTG AGA GTT TTG AGA TTG AAG CCA GGG AGA AAG TAC ACC ACT TTG GGT AAG TTG TCT ACT TCC GTT GGC TGG AAA TAC GAG GAT GTT GTT GCC AAA TTA GAA GAC AAG AGA AAG GTC AGT TCT GCT GAA TAC TAC GCC AAG AAG AGA GCT TTC ACA AAG AAG GTC TCT TCT GCC TCT GCT GCT GCT TCT GAA TCT GAT GTT GCT AAG CAA TTA GCT TCT TTC GGT 
cerevisiaeYNL069C               ATG TCT CAA CCA GTC GTT GTT ATT GAT GCT AAG GAT CAT TTG TTG GGT CGT TTG GCC TCC ACT ATT GCC AAG CAA GTA TTG AAC GGT CAA AAG ATT GTC GTT GTC AGA GCT GAA GCT TTG AAC ATT TCT GGT GAA TTC TTC AGA AAC AAG TTG AAG TAC CAC GAC TTT TTG AGA AAG GCT ACT GCT TTC AAC AAG ACC CGT GGT CCA TTC CAT TTC AGA GCT CCA TCT AGA ATT CTT TAC AAG GCT ATT CGT GGT ATG GTT TCC CAC AAG ACC GCC CGT GGT AAG GCT GCC TTG GAA CGT TTA AAG ATC TTC GAA GGT ATT CCA CCT CCA TAC GAC AAA AAG AAG AGA GTT GTC GTT CCT CAA GCT TTG AGA GTT TTG AGA TTG AAA CCA GGT AGA AAG TAC ACC ACT TTG GGT AAG TTG TCT ACT TCT GTT GGT TGG AAA TAC GAA GAT GTT GTT GCT AAA TTA GAA GAC AAG AGA AAG GTC AGA TCC GCC GAA TAT TAC GCC AAG AAG AGA GCT TTC ACC AAA AAG GTC TCC TCT GCT TCT GCT GCT GCT TCT GAA TCC GAT GTT GCT AAG CAA TTG GCT TCT TTC GGT 



Printing out site pattern counts


         7        351  P

castelliiYNL069C                AAA AAC AAC AAC AAG AAG AAG AAG AAG AAG AAT ACC ACC ACC ACT ACT ACT ACT AGA AGA AGA AGA ATC ATC ATG ATG ATT ATT ATT CAA CAA CAC CAC CAT CCA CCA CCA CGT GAA GAA GAA GAA GAA GAC GAT GAT GAT GCC GCC GCC GCC GCC GCC GCT GCT GCT GCT GCT GCT GCT GCT GGC GGT GGT GGT GGT GGT GTC GTC GTC GTC GTC GTC GTC GTC GTC GTC GTT GTT GTT GTT GTT GTT GTT TAC TAC TAC TAC TAC TCC TCC TCC TCC TCC TCT TCT TCT TCT TCT TCT TCT TGG TTA TTA TTA TTA TTC TTC TTC TTC TTC TTC TTG TTG TTG TTG TTT 
kluyveriYNL069C                 ..G ... ... C.A ... ... ... ... ... C.A ..C ... G.T GTT .AG ..C ..C ... .AG ... ... C.T ... GC. ... ... .C. ..C ... A.G ... ... ... ..C ... ... ..T ... ... ... ... ... ... ... ..C ... ... ... ... ... ..T ..T ..T A.C ..C ..C ..C ... ... ... ... ... ... ... ... ... ... ... ... ... ... ... ..T ..T ..T ..T T.G A.C ..C ... ... ... ... ... ... ... ... ... ... G.. ... ... ..T ..T A.. G.. G.. G.. ..C ... ... ... ... ..G ..G ..G G.T ... ... ... ... ..T ... ... ... ... ..C 
bayanusYNL069C                  ... ... GC. C.A ..A ... ... ... .GA ... ..C ... T.T T.T T.. ..C ... ... ... ... TC. C.T ..T CGT ... ... .C. ... ... ... ... ... ... ... ... ..T ..T ... C.. ... ... ..C ..C ... ..C ..C ... ... ..T ..T ... ..T ..T ... ..C ... ... A.. ... ... .T. .AT .C. .C. ... ... ... A.. ... ... ..T ..T A.. ... ..T ..T T.G ... ... A.. ..C ... ... ... ... ... ... .T. .T. G.. ... ..T ... ..T ... ..C ..C ... ... ..C ... ... ... C.. ... ..G G.T C.T ... ... ... ... ..A ..A ... ... ... 
mikataeYNL069C                  ... ... GC. C.A ..A ... ... ... ..A ... ..C ... T.T T.T T.. ..C ..C ... ... ... ... C.T ..T GCT ... T.. .C. ... ... ... ... ... ..T ... ... ..T ..T ... C.. ... ... ..C ..T ... ..C ... ... ... ..T ..T ... ... ..T ... ... ... ... ... ... ... .T. .AT .C. ... ... ... ... A.T A.. ... ... ..T A.T ... ... ..T T.G ... ..C A.. ... ..C ... ... ... ... ..T ... .TT G.T ... ..T ..T ..T A.. ..C ... ... ... ..C ... ... ... G.. ..G ..G G.T C.T ... ... ..T ... ..A ... ..A ... ..C 
paradoxusYNL069C                ... ... GC. C.A ..A ..A ... ... ... ... ..C ... T.T T.T T.. ..C ... ... ... ... ... C.T ..T GCT ... T.. .C. ... ... ... ... ... ... ... ... ..T ..T ... C.. ... ... ..C ..T ... ..C ... ... ... ..T ..T ... ..T ..T ... ... ..C ... ... ..C ... .T. .AT .C. ... ... ... ... A.T A.. ... ... ..T A.T ... ..T ..T T.G ... ... A.. ... ... ... ... ... ... ... ... .TT G.T ... ... ..T ..T A.. ..C ... ... ... ..C ... ... ... G.. ..G ..G G.T C.T ... ... ... ... ... ... ..A ... ..C 
kudriavzeviiYNL069C             ... ... .CA C.A ..A ... ... ... ... ... ..C ... T.T T.T T.. ..C ... ... ... ... ..T C.T ..T GCT ... T.. .C. ... ... ... ... ... ... ... ... ..T ..T ... C.. ... ..G ..C ..T ... ..C ... ... ... ..T ..T ... ... ..T ... ..C ... ... ..C ... ... .T. .AT .C. ... ..C ..G ... A.T A.. ... ... ..T A.T ... ..T ..T T.G ... ... ... ..C ... ... ... ... ... ... ... .TT G.. ... ... ..T ..T A.. ..C ... ... ... ... ... ... ... G.. ..G ..G G.T C.T ... ..T ... ... ..A ... ..A ... ..C 
cerevisiaeYNL069C               ... ... .C. C.A ..A ..A ..A ... ... ... ..C ... T.T T.. T.. ..C ... ... ... ... ... C.T ..T GCT ... T.. .C. ... ... ... ... ... ... ... ... ..T ..T ... C.. ... ... ..C ..T ... ..C ... ... ... ... ..T ... ... ..T ... ... ..C ... ... ... ... .T. .AT .C. ... ... ... ... A.T A.. ... ... ..T A.T ... ..T ..T T.G ... ... A.. ..C ..C ..C ... ... ..T ... ... .TT G.T ... ..T ... ..T A.. ..C ... ... ... ..C ... ... ... G.. ..G ..G G.T C.T ... ... ... ... ... ... ..A ... ..C 

    1    3    1    1    1    1    2   19    1    1    1    2    1    1    1
    1    1    1    1   10    1    1    2    1    2    1    1    1    1    1
    2    1    1    2    6    1    1    4    1    7    1    1    1    1    1
    1    1    1    1    1    2    1    1    1    1    1    3    1    1    5
    1    1    1    1    1    1    8    1    1    1    1    1    1    1    1
    1    1    1    1    1    1    1    1    4    4    1    1    1    1    1
    1    1    1    1    1    1    1    1    1    1    2    1    1    1    1
    3    1    1    4    1    1    1    1    1    1    6    1

CODONML (in paml version 4.8a, August 2014)  /Users/xji3/Genconv/IdenticalParalogAlignment/YNL069C_YIL133C/YNL069C_YIL133C_IdenticalParalog_paml_input.fasta
Model: One dN/dS ratio for branches, 
Codon frequency model: F1x4MG
ns =   7  ls = 197

Codon usage in sequences
--------------------------------------------------------------------------------------------------------------------------------------
Phe TTT   1   1   1   2   1   2 | Ser TCT   8   5  10  11  10  11 | Tyr TAT   0   0   0   1   0   0 | Cys TGT   0   0   0   0   0   0
    TTC   9   8   9   7   8   7 |     TCC   5   3   5   3   4   3 |     TAC   8   8   6   6   7   7 |     TGC   0   0   0   0   0   0
Leu TTA   6   1   4   3   2   3 |     TCA   0   0   1   0   0   0 | *** TAA   0   0   0   0   0   0 | *** TGA   0   0   0   0   0   0
    TTG   9  15  11  13  14  13 |     TCG   0   0   0   0   0   0 |     TAG   0   0   0   0   0   0 | Trp TGG   1   1   1   1   1   1
--------------------------------------------------------------------------------------------------------------------------------------
Leu CTT   0   0   1   1   1   1 | Pro CCT   0   1   2   2   2   2 | His CAT   2   0   2   3   2   2 | Arg CGT   4   5   6   5   5   5
    CTC   0   0   0   0   0   0 |     CCC   0   0   0   0   0   0 |     CAC   2   4   2   1   2   2 |     CGC   0   0   0   0   0   0
    CTA   0   0   1   0   0   0 |     CCA   8   7   6   6   6   6 | Gln CAA   3   4   5   5   5   5 |     CGA   0   0   0   0   0   0
    CTG   0   0   0   0   0   0 |     CCG   0   0   0   0   0   0 |     CAG   0   0   0   0   0   0 |     CGG   0   0   0   0   0   0
--------------------------------------------------------------------------------------------------------------------------------------
Ile ATT   3   1   5   7   7   6 | Thr ACT   4   3   4   3   4   4 | Asn AAT   1   0   0   0   0   0 | Ser AGT   0   0   0   0   0   1
    ATC   3   4   2   1   1   1 |     ACC   4   5   3   4   3   3 |     AAC   5   5   4   4   4   4 |     AGC   0   0   0   0   0   0
    ATA   0   0   0   0   0   0 |     ACA   0   0   0   0   0   1 | Lys AAA   1   0   2   3   3   2 | Arg AGA  13  11  12  12  12  11
Met ATG   3   3   3   2   2   2 |     ACG   0   0   0   0   0   0 |     AAG  25  28  23  23  23  24 |     AGG   0   0   0   0   0   0
--------------------------------------------------------------------------------------------------------------------------------------
Val GTT  10  14  14  11  14  14 | Ala GCT  14  16  17  19  18  16 | Asp GAT   3   2   2   4   4   4 | Gly GGT  12  12  10  11  11   9
    GTC  10   6   4   6   3   4 |     GCC   7  10   6   5   6   7 |     GAC   1   2   5   3   3   3 |     GGC   1   1   0   0   0   1
    GTA   0   0   0   1   1   1 |     GCA   0   0   0   0   0   0 | Glu GAA  11  11   8   8   8   7 |     GGA   0   0   0   0   0   0
    GTG   0   0   0   0   0   0 |     GCG   0   0   0   0   0   0 |     GAG   0   0   0   0   0   1 |     GGG   0   0   0   0   0   1
--------------------------------------------------------------------------------------------------------------------------------------

------------------------------------------------------
Phe TTT   1 | Ser TCT   9 | Tyr TAT   1 | Cys TGT   0
    TTC   8 |     TCC   5 |     TAC   6 |     TGC   0
Leu TTA   2 |     TCA   0 | *** TAA   0 | *** TGA   0
    TTG  14 |     TCG   0 |     TAG   0 | Trp TGG   1
------------------------------------------------------
Leu CTT   1 | Pro CCT   2 | His CAT   2 | Arg CGT   5
    CTC   0 |     CCC   0 |     CAC   2 |     CGC   0
    CTA   0 |     CCA   6 | Gln CAA   5 |     CGA   0
    CTG   0 |     CCG   0 |     CAG   0 |     CGG   0
------------------------------------------------------
Ile ATT   7 | Thr ACT   4 | Asn AAT   0 | Ser AGT   0
    ATC   1 |     ACC   4 |     AAC   4 |     AGC   0
    ATA   0 |     ACA   0 | Lys AAA   5 | Arg AGA  12
Met ATG   2 |     ACG   0 |     AAG  21 |     AGG   0
------------------------------------------------------
Val GTT  11 | Ala GCT  17 | Asp GAT   4 | Gly GGT  11
    GTC   6 |     GCC   6 |     GAC   3 |     GGC   0
    GTA   1 |     GCA   0 | Glu GAA   8 |     GGA   0
    GTG   0 |     GCG   0 |     GAG   0 |     GGG   0
------------------------------------------------------

Codon position x base (3x4) table for each sequence.

#1: castelliiYNL069C
position  1:    T:0.23858    C:0.09645    A:0.31472    G:0.35025
position  2:    T:0.27411    C:0.25381    A:0.31472    G:0.15736
position  3:    T:0.31472    C:0.27919    A:0.21320    G:0.19289
Average         T:0.27580    C:0.20981    A:0.28088    G:0.23350

#2: kluyveriYNL069C
position  1:    T:0.21320    C:0.10660    A:0.30457    G:0.37563
position  2:    T:0.26904    C:0.25381    A:0.32487    G:0.15228
position  3:    T:0.30457    C:0.28426    A:0.17259    G:0.23858
Average         T:0.26227    C:0.21489    A:0.26734    G:0.25550

#3: bayanusYNL069C 
position  1:    T:0.24365    C:0.12690    A:0.29442    G:0.33503
position  2:    T:0.27919    C:0.27411    A:0.29949    G:0.14721
position  3:    T:0.37563    C:0.23350    A:0.19797    G:0.19289
Average         T:0.29949    C:0.21151    A:0.26396    G:0.22504

#4: mikataeYNL069C 
position  1:    T:0.23858    C:0.11675    A:0.29949    G:0.34518
position  2:    T:0.27411    C:0.26904    A:0.30964    G:0.14721
position  3:    T:0.40609    C:0.20305    A:0.19289    G:0.19797
Average         T:0.30626    C:0.19628    A:0.26734    G:0.23012

#5: paradoxusYNL069C
position  1:    T:0.23858    C:0.11675    A:0.29949    G:0.34518
position  2:    T:0.27411    C:0.26904    A:0.30964    G:0.14721
position  3:    T:0.40102    C:0.20812    A:0.18782    G:0.20305
Average         T:0.30457    C:0.19797    A:0.26565    G:0.23181

#6: kudriavzeviiYNL069C
position  1:    T:0.23858    C:0.11675    A:0.29949    G:0.34518
position  2:    T:0.27411    C:0.26904    A:0.30964    G:0.14721
position  3:    T:0.39086    C:0.21320    A:0.18274    G:0.21320
Average         T:0.30118    C:0.19966    A:0.26396    G:0.23519

#7: cerevisiaeYNL069C
position  1:    T:0.23858    C:0.11675    A:0.30457    G:0.34010
position  2:    T:0.27411    C:0.26904    A:0.30964    G:0.14721
position  3:    T:0.38071    C:0.22843    A:0.19797    G:0.19289
Average         T:0.29780    C:0.20474    A:0.27073    G:0.22673

Sums of codon usage counts
------------------------------------------------------------------------------
Phe F TTT       9 | Ser S TCT      64 | Tyr Y TAT       2 | Cys C TGT       0
      TTC      56 |       TCC      28 |       TAC      48 |       TGC       0
Leu L TTA      21 |       TCA       1 | *** * TAA       0 | *** * TGA       0
      TTG      89 |       TCG       0 |       TAG       0 | Trp W TGG       7
------------------------------------------------------------------------------
Leu L CTT       5 | Pro P CCT      11 | His H CAT      13 | Arg R CGT      35
      CTC       0 |       CCC       0 |       CAC      15 |       CGC       0
      CTA       1 |       CCA      45 | Gln Q CAA      32 |       CGA       0
      CTG       0 |       CCG       0 |       CAG       0 |       CGG       0
------------------------------------------------------------------------------
Ile I ATT      36 | Thr T ACT      26 | Asn N AAT       1 | Ser S AGT       1
      ATC      13 |       ACC      26 |       AAC      30 |       AGC       0
      ATA       0 |       ACA       1 | Lys K AAA      16 | Arg R AGA      83
Met M ATG      17 |       ACG       0 |       AAG     167 |       AGG       0
------------------------------------------------------------------------------
Val V GTT      88 | Ala A GCT     117 | Asp D GAT      23 | Gly G GGT      76
      GTC      39 |       GCC      47 |       GAC      20 |       GGC       3
      GTA       4 |       GCA       0 | Glu E GAA      61 |       GGA       0
      GTG       0 |       GCG       0 |       GAG       1 |       GGG       1
------------------------------------------------------------------------------


Codon position x base (3x4) table, overall

position  1:    T:0.23568    C:0.11385    A:0.30239    G:0.34808
position  2:    T:0.27411    C:0.26541    A:0.31109    G:0.14938
position  3:    T:0.36766    C:0.23568    A:0.19217    G:0.20450
Average         T:0.29248    C:0.20498    A:0.26855    G:0.23399

Codon frequencies under model, for use in evolver (TTT TTC TTA TTG ... GGG):
  0.02655707  0.01861190  0.02438422  0.02124566
  0.01861190  0.01304371  0.01708911  0.01488952
  0.02438422  0.01708911  0.00000000  0.00000000
  0.02124566  0.01488952  0.00000000  0.01699653
  0.01861190  0.01304371  0.01708911  0.01488952
  0.01304371  0.00914138  0.01197650  0.01043497
  0.01708911  0.01197650  0.01569091  0.01367129
  0.01488952  0.01043497  0.01367129  0.01191162
  0.02438422  0.01708911  0.02238915  0.01950738
  0.01708911  0.01197650  0.01569091  0.01367129
  0.02238915  0.01569091  0.02055731  0.01791132
  0.01950738  0.01367129  0.01791132  0.01560590
  0.02124566  0.01488952  0.01950738  0.01699653
  0.01488952  0.01043497  0.01367129  0.01191162
  0.01950738  0.01367129  0.01791132  0.01560590
  0.01699653  0.01191162  0.01560590  0.01359722



Nei & Gojobori 1986. dN/dS (dN, dS)
(Note: This matrix is not used in later ML. analysis.
Use runmode = -2 for ML pairwise comparison.)

castelliiYNL069C    
kluyveriYNL069C      0.1350 (0.0529 0.3920)
bayanusYNL069C       0.2187 (0.0736 0.3367) 0.1937 (0.0835 0.4312)
mikataeYNL069C       0.1738 (0.0687 0.3952) 0.1635 (0.0687 0.4200) 0.1500 (0.0272 0.1817)
paradoxusYNL069C     0.1969 (0.0687 0.3489) 0.1966 (0.0687 0.3493) 0.1660 (0.0272 0.1641)-1.0000 (0.0000 0.1056)
kudriavzeviiYNL069C  0.1787 (0.0675 0.3776) 0.1679 (0.0675 0.4018) 0.1808 (0.0325 0.1795) 0.0456 (0.0067 0.1472) 0.0590 (0.0067 0.1137)
cerevisiaeYNL069C    0.1782 (0.0663 0.3718) 0.1487 (0.0662 0.4453) 0.1479 (0.0296 0.1999) 0.0161 (0.0022 0.1387) 0.0249 (0.0022 0.0896) 0.0272 (0.0045 0.1645)


TREE #  1:  ((((((7, 5), 4), 6), 3), 1), 2);   MP score: 141
This is a rooted tree.  Please check!
lnL(ntime: 12  np: 17):  -1558.002114      +0.000000
   8..9     9..10   10..11   11..12   12..13   13..7    13..5    12..4    11..6    10..3     9..1     8..2  
 0.087706 0.183563 0.040781 0.012550 0.015347 0.053741 0.014200 0.048038 0.056011 0.111505 0.177612 0.114624 4.549058 1.400695 0.970078 1.220542 0.188438
SEs for parameters:
 -1.000000 0.036699 0.019738 0.011190 0.009867 0.018742 0.010589 0.018085 0.019023 0.027220 0.031489 -1.000000 0.493603 0.215906 0.117404 0.168956 0.037707

Note: Branch length is defined as number of nucleotide substitutions per codon (not per neucleotide site).

tree length =   0.91568

((((((7: 0.053741, 5: 0.014200): 0.015347, 4: 0.048038): 0.012550, 6: 0.056011): 0.040781, 3: 0.111505): 0.183563, 1: 0.177612): 0.087706, 2: 0.114624);

((((((cerevisiaeYNL069C: 0.053741, paradoxusYNL069C: 0.014200): 0.015347, mikataeYNL069C: 0.048038): 0.012550, kudriavzeviiYNL069C: 0.056011): 0.040781, bayanusYNL069C: 0.111505): 0.183563, castelliiYNL069C: 0.177612): 0.087706, kluyveriYNL069C: 0.114624);

Detailed output identifying parameters

kappa (ts/tv) =  4.54906

Frequency parameters:
   0.30507 (T)   0.21129 (C)   0.26584 (A)   0.21780 (G)
Equilibrium codon frequencies (evolver-style):
  0.03010617  0.02085061  0.02623402  0.02149375
  0.02085061  0.01444049  0.01816887  0.01488591
  0.02623402  0.01816887  0.00000000  0.00000000
  0.02149375  0.01488591  0.00000000  0.01534506
  0.02085061  0.01444049  0.01816887  0.01488591
  0.01444049  0.01000104  0.01258320  0.01030952
  0.01816887  0.01258320  0.01583205  0.01297133
  0.01488591  0.01030952  0.01297133  0.01062752
  0.02623402  0.01816887  0.02285988  0.01872929
  0.01816887  0.01258320  0.01583205  0.01297133
  0.02285988  0.01583205  0.01991972  0.01632039
  0.01872929  0.01297133  0.01632039  0.01337143
  0.02149375  0.01488591  0.01872929  0.01534506
  0.01488591  0.01030952  0.01297133  0.01062752
  0.01872929  0.01297133  0.01632039  0.01337143
  0.01534506  0.01062752  0.01337143  0.01095533

omega (dN/dS) =  0.18844

dN & dS for each branch

 branch          t       N       S   dN/dS      dN      dS  N*dN  S*dS

   8..9      0.088   412.3   178.7  0.1884  0.0127  0.0674   5.2  12.0
   9..10     0.184   412.3   178.7  0.1884  0.0266  0.1410  11.0  25.2
  10..11     0.041   412.3   178.7  0.1884  0.0059  0.0313   2.4   5.6
  11..12     0.013   412.3   178.7  0.1884  0.0018  0.0096   0.7   1.7
  12..13     0.015   412.3   178.7  0.1884  0.0022  0.0118   0.9   2.1
  13..7      0.054   412.3   178.7  0.1884  0.0078  0.0413   3.2   7.4
  13..5      0.014   412.3   178.7  0.1884  0.0021  0.0109   0.8   2.0
  12..4      0.048   412.3   178.7  0.1884  0.0070  0.0369   2.9   6.6
  11..6      0.056   412.3   178.7  0.1884  0.0081  0.0430   3.3   7.7
  10..3      0.112   412.3   178.7  0.1884  0.0161  0.0857   6.7  15.3
   9..1      0.178   412.3   178.7  0.1884  0.0257  0.1364  10.6  24.4
   8..2      0.115   412.3   178.7  0.1884  0.0166  0.0881   6.8  15.7

tree length for dN:       0.1326
tree length for dS:       0.7035



TREE #  2:  ((((((7, 5), 4), 6), 3), 1), 2);   MP score: 141
This is a rooted tree.  Please check!
lnL(ntime: 12  np: 17):  -1558.002114      -0.000000
   8..9     9..10   10..11   11..12   12..13   13..7    13..5    12..4    11..6    10..3     9..1     8..2  
 0.115306 0.183563 0.040781 0.012550 0.015347 0.053741 0.014201 0.048038 0.056011 0.111505 0.177612 0.087024 4.549060 1.400694 0.970078 1.220542 0.188438
SEs for parameters:
 1326566.335146 0.040203 0.019766 0.011237 0.009869 0.018982 0.010598 0.018265 0.019044 0.027240 0.034394 1326566.333991 0.975110 0.217410 0.117464 0.169577 0.040986

Note: Branch length is defined as number of nucleotide substitutions per codon (not per neucleotide site).

tree length =   0.91568

((((((7: 0.053741, 5: 0.014201): 0.015347, 4: 0.048038): 0.012550, 6: 0.056011): 0.040781, 3: 0.111505): 0.183563, 1: 0.177612): 0.115306, 2: 0.087024);

((((((cerevisiaeYNL069C: 0.053741, paradoxusYNL069C: 0.014201): 0.015347, mikataeYNL069C: 0.048038): 0.012550, kudriavzeviiYNL069C: 0.056011): 0.040781, bayanusYNL069C: 0.111505): 0.183563, castelliiYNL069C: 0.177612): 0.115306, kluyveriYNL069C: 0.087024);

Detailed output identifying parameters

kappa (ts/tv) =  4.54906

Frequency parameters:
   0.30507 (T)   0.21129 (C)   0.26584 (A)   0.21780 (G)
Equilibrium codon frequencies (evolver-style):
  0.03010616  0.02085061  0.02623401  0.02149374
  0.02085061  0.01444050  0.01816887  0.01488591
  0.02623401  0.01816887  0.00000000  0.00000000
  0.02149374  0.01488591  0.00000000  0.01534506
  0.02085061  0.01444050  0.01816887  0.01488591
  0.01444050  0.01000105  0.01258321  0.01030953
  0.01816887  0.01258321  0.01583206  0.01297133
  0.01488591  0.01030953  0.01297133  0.01062752
  0.02623401  0.01816887  0.02285988  0.01872929
  0.01816887  0.01258321  0.01583206  0.01297133
  0.02285988  0.01583206  0.01991972  0.01632039
  0.01872929  0.01297133  0.01632039  0.01337143
  0.02149374  0.01488591  0.01872929  0.01534506
  0.01488591  0.01030953  0.01297133  0.01062752
  0.01872929  0.01297133  0.01632039  0.01337143
  0.01534506  0.01062752  0.01337143  0.01095532

omega (dN/dS) =  0.18844

dN & dS for each branch

 branch          t       N       S   dN/dS      dN      dS  N*dN  S*dS

   8..9      0.115   412.3   178.7  0.1884  0.0167  0.0886   6.9  15.8
   9..10     0.184   412.3   178.7  0.1884  0.0266  0.1410  11.0  25.2
  10..11     0.041   412.3   178.7  0.1884  0.0059  0.0313   2.4   5.6
  11..12     0.013   412.3   178.7  0.1884  0.0018  0.0096   0.7   1.7
  12..13     0.015   412.3   178.7  0.1884  0.0022  0.0118   0.9   2.1
  13..7      0.054   412.3   178.7  0.1884  0.0078  0.0413   3.2   7.4
  13..5      0.014   412.3   178.7  0.1884  0.0021  0.0109   0.8   2.0
  12..4      0.048   412.3   178.7  0.1884  0.0070  0.0369   2.9   6.6
  11..6      0.056   412.3   178.7  0.1884  0.0081  0.0430   3.3   7.7
  10..3      0.112   412.3   178.7  0.1884  0.0161  0.0857   6.7  15.3
   9..1      0.178   412.3   178.7  0.1884  0.0257  0.1364  10.6  24.4
   8..2      0.087   412.3   178.7  0.1884  0.0126  0.0669   5.2  12.0

tree length for dN:       0.1326
tree length for dS:       0.7035


Tree comparisons (Kishino & Hasegawa 1989; Shimodaira & Hasegawa 1999)
Number of replicates: 10000

  tree           li       Dli     +- SE     pKH       pSH    pRELL

     1*   -1558.002     0.000     0.000  -1.000    -1.000    0.500
     2    -1558.002    -0.000     0.000   0.500     0.503    0.500

pKH: P value for KH normal test (Kishino & Hasegawa 1989)
pRELL: RELL bootstrap proportions (Kishino & Hasegawa 1989)
pSH: P value with multiple-comparison correction (MC in table 1 of Shimodaira & Hasegawa 1999)
(-1 for P values means N/A)

Time used:  0:14
