-3.629407929565612108e+02 3.971190135019777134e+00 1.712546910585244220e+00 2.591525500758594669e-01 -1.618845414559280937e-01 -9.667952002675783696e-02 5.426642699761882227e+01 5.754129274983363729e+01 1.010062336046569555e+02 8.814734737947952681e+01 1.414476905088752687e+02 4.446761327658375507e+01 1.467739802595262688e+01 1.136235641979296531e+02 3.317791534638415385e+01 1.085917598522238734e+02 7.474022423722065867e+01 8.154599375416307794e+01
3.971190135019777134e+00 -1.350048438912712356e+02 6.703066369752266884e-02 -2.171124748155600359e-01 -2.068704905773714395e-02 -6.807651446950381546e-02 4.109618639802758366e+01 3.498507733072792547e+01 3.809395375164594810e+01 3.740510309304457337e+01 4.104942928679565739e+01 7.379664509614097767e+01 7.295164724326022565e+01 3.103085863767568497e+01 8.018903686921242979e+01 5.219139708335178085e+01 8.018075465281599179e+01 4.679446136166705372e+01
1.712546910585244220e+00 6.703066369752266884e-02 -1.835752984805652943e+02 5.380748922485747987e-02 -1.425937235056907726e-01 3.767342937013598569e-02 -1.384090810788622150e+01 -1.906835780161859972e+01 -2.194488704706995819e+01 -7.857085721509974086e+00 3.312880425507027127e+01 -3.920090102719753666e+00 1.000608525616151070e+02 -1.143718199317619764e+02 5.089011447905912888e+01 9.616572125999839571e+00 -3.185965551213913116e+00 8.501262815575358900e+00
2.591525500758594669e-01 -2.171124748155600359e-01 5.380748922485747987e-02 -4.068005581143144811e-01 -3.746826681209988134e-03 -7.106972801809420537e-03 1.919391894760830830e+00 2.113331616211697295e+00 3.646968498761187227e+00 2.439283023522631044e+00 1.426196281787972808e-01 -1.145586328240040030e+00 -2.128002858389505647e+00 4.324020573072149709e+00 -1.385026403393101013e+00 2.658258282821009399e-01 -1.810424894326413181e+00 2.288923416344488260e+00
-1.618845414559280937e-01 -2.068704905773714395e-02 -1.425937235056907726e-01 -3.746826681209988134e-03 -4.105594672769546927e-01 -1.575814447540750396e-01 -2.957979923375089193e+00 -7.562852287052376887e+00 -2.084701985760762355e+01 -2.006741593171382121e+01 -3.057201961629293052e+01 -3.831343096878491394e+01 -4.413349498940112881e+01 -4.513043656860021713e+01 -2.902128851036243518e+01 -4.057078773608879629e+01 -3.379582245573259058e+01 -3.988045387431706246e+01
-9.667952002675783696e-02 -6.807651446950381546e-02 3.767342937013598569e-02 -7.106972801809420537e-03 -1.575814447540750396e-01 -2.710186313184071993e-01 -6.259547339013325384e+00 -1.243822628582544354e+01 -1.823911814063498937e+01 -1.237853890232835674e+01 -4.775135377234902023e+01 -1.829033295531826653e+01 -3.483732064751103508e+01 -4.988090423353141034e+01 -4.622350194580476312e+01 -3.120250161986444937e+01 -2.626907758734715159e+01 -3.647591759361167618e+01
5.426642699761882227e+01 4.109618639802758366e+01 -1.384090810788622150e+01 1.919391894760830830e+00 -2.957979923375089193e+00 -6.259547339013325384e+00 -7.537683659117680691e+03 -8.041012610808694262e+03 -1.520742697317622515e+03 -5.822958428353481395e+02 -7.063768216361516750e+01 -2.438313080707283405e+02 -4.906329664421770076e+02 2.018005193692035846e+02 -2.224909596149572337e+02 4.923875522855807674e+01 1.489219496084154741e+02 -1.393311914646877483e+02
5.754129274983363729e+01 3.498507733072792547e+01 -1.906835780161859972e+01 2.113331616211697295e+00 -7.562852287052376887e+00 -1.243822628582544354e+01 -8.041012610808694262e+03 -9.152509722301643706e+03 -9.474686606899007302e+02 -7.218021309509136927e+02 1.221935364495602130e+02 -5.346582019242356409e+02 -7.578847135020183714e+02 4.151122235594663721e+02 -1.751094581363539078e+02 -1.430811574717800561e+01 1.304642232259308514e+02 -1.173335356608600932e+02
1.010062336046569555e+02 3.809395375164594810e+01 -2.194488704706995819e+01 3.646968498761187227e+00 -2.084701985760762355e+01 -1.823911814063498937e+01 -1.520742697317622515e+03 -9.474686606899007302e+02 -2.077515483566784314e+04 -4.313251673062222835e+03 -4.693714656496183125e+03 -1.849977675851327831e+03 -3.614725502578535270e+03 1.937825570050797069e+03 1.447663943154029084e+03 -6.088166124093752387e+02 1.201161382561144592e+03 -8.182856902458131572e+02
8.814734737947952681e+01 3.740510309304457337e+01 -7.857085721509974086e+00 2.439283023522631044e+00 -2.006741593171382121e+01 -1.237853890232835674e+01 -5.822958428353481395e+02 -7.218021309509136927e+02 -4.313251673062222835e+03 -1.465736046088129842e+04 -2.164684898747216721e+03 -1.146068939137912253e+02 -5.020403775998098013e+02 4.269203140584411926e+02 1.741484686415084070e+03 -4.936209821241884583e+02 2.823905234075382396e+02 -5.899820844569256195e+01
1.414476905088752687e+02 4.104942928679565739e+01 3.312880425507027127e+01 1.426196281787972808e-01 -3.057201961629293052e+01 -4.775135377234902023e+01 -7.063768216361516750e+01 1.221935364495602130e+02 -4.693714656496183125e+03 -2.164684898747216721e+03 -1.411060370490025962e+05 -5.524801280496553954e+04 -1.290847071959042842e+04 -1.366987152572294326e+04 -1.505701420873437200e+04 8.273686125426676881e+03 8.910199601454009098e+03 -1.023445735655782846e+04
4.446761327658375507e+01 7.379664509614097767e+01 -3.920090102719753666e+00 -1.145586328240040030e+00 -3.831343096878491394e+01 -1.829033295531826653e+01 -2.438313080707283405e+02 -5.346582019242356409e+02 -1.849977675851327831e+03 -1.146068939137912253e+02 -5.524801280496553954e+04 -9.623485135071670811e+04 4.948131430177929360e+03 -1.185209093181749631e+04 -1.114223842509022688e+04 5.874897986630913692e+03 7.707362391509293502e+02 -2.648449776716199722e+03
1.467739802595262688e+01 7.295164724326022565e+01 1.000608525616151070e+02 -2.128002858389505647e+00 -4.413349498940112881e+01 -3.483732064751103508e+01 -4.906329664421770076e+02 -7.578847135020183714e+02 -3.614725502578535270e+03 -5.020403775998098013e+02 -1.290847071959042842e+04 4.948131430177929360e+03 -1.976329328128651250e+05 -2.915524644541415182e+04 -2.488916923955583479e+04 -5.393802619895371208e+03 -3.927261877778759299e+03 7.878881595529661581e+02
1.136235641979296531e+02 3.103085863767568497e+01 -1.143718199317619764e+02 4.324020573072149709e+00 -4.513043656860021713e+01 -4.988090423353141034e+01 2.018005193692035846e+02 4.151122235594663721e+02 1.937825570050797069e+03 4.269203140584411926e+02 -1.366987152572294326e+04 -1.185209093181749631e+04 -2.915524644541415182e+04 -1.363072379315623839e+05 1.439674967076026041e+04 -1.066288959737148798e+04 -1.174537155036707009e+04 1.270199696585517449e+04
3.317791534638415385e+01 8.018903686921242979e+01 5.089011447905912888e+01 -1.385026403393101013e+00 -2.902128851036243518e+01 -4.622350194580476312e+01 -2.224909596149572337e+02 -1.751094581363539078e+02 1.447663943154029084e+03 1.741484686415084070e+03 -1.505701420873437200e+04 -1.114223842509022688e+04 -2.488916923955583479e+04 1.439674967076026041e+04 -4.599464463551453082e+05 -2.636800563622381378e+04 -4.409841136184997595e+04 -2.579351961350779675e+04
1.085917598522238734e+02 5.219139708335178085e+01 9.616572125999839571e+00 2.658258282821009399e-01 -4.057078773608879629e+01 -3.120250161986444937e+01 4.923875522855807674e+01 -1.430811574717800561e+01 -6.088166124093752387e+02 -4.936209821241884583e+02 8.273686125426676881e+03 5.874897986630913692e+03 -5.393802619895371208e+03 -1.066288959737148798e+04 -2.636800563622381378e+04 -1.331197186813452863e+05 4.219965293870139249e+03 -6.947910624695087790e+03
7.474022423722065867e+01 8.018075465281599179e+01 -3.185965551213913116e+00 -1.810424894326413181e+00 -3.379582245573259058e+01 -2.626907758734715159e+01 1.489219496084154741e+02 1.304642232259308514e+02 1.201161382561144592e+03 2.823905234075382396e+02 8.910199601454009098e+03 7.707362391509293502e+02 -3.927261877778759299e+03 -1.174537155036707009e+04 -4.409841136184997595e+04 4.219965293870139249e+03 -1.973634595721175720e+05 -1.401249353378104206e+04
8.154599375416307794e+01 4.679446136166705372e+01 8.501262815575358900e+00 2.288923416344488260e+00 -3.988045387431706246e+01 -3.647591759361167618e+01 -1.393311914646877483e+02 -1.173335356608600932e+02 -8.182856902458131572e+02 -5.899820844569256195e+01 -1.023445735655782846e+04 -2.648449776716199722e+03 7.878881595529661581e+02 1.270199696585517449e+04 -2.579351961350779675e+04 -6.947910624695087790e+03 -1.401249353378104206e+04 -1.619984544830986997e+05
