-3.629407929536499182e+02 3.971190138497158184e+00 1.712546916143507847e+00 2.591525485302449416e-01 -1.618845117538495748e-01 -9.667952002244431520e-02 5.426642687167112911e+01 5.753754527093990134e+01 1.010062335841479069e+02 8.814734811767512213e+01 1.414476859686799344e+02 4.446761327665008423e+01 1.467739801185981463e+01 1.136235642775340722e+02 3.317791547381466444e+01 1.085917593523334119e+02 7.474022531460286700e+01 8.154599444900534877e+01
3.971190138497158184e+00 -1.350048440574318533e+02 6.703059797996442637e-02 -2.171124459715999544e-01 -2.068704652597157939e-02 -6.807651484350775439e-02 4.109618639519482741e+01 3.498510995980292648e+01 3.809395374088731501e+01 3.740508094457037203e+01 4.104944687114321766e+01 7.379664506881314878e+01 7.295164738993184983e+01 3.103085830784696242e+01 8.018901497884225194e+01 5.219139687403508532e+01 8.018074959467034546e+01 4.679447271069590641e+01
1.712546916143507847e+00 6.703059797996442637e-02 -1.835752984797394731e+02 5.380748906780922353e-02 -1.425937235403059444e-01 3.767342932840905823e-02 -1.384092275249042636e+01 -1.906837033258048564e+01 -2.194488006155142301e+01 -7.857080456450382222e+00 3.312881039193374733e+01 -3.920090669067795464e+00 1.000608525280556051e+02 -1.143718199159589517e+02 5.089011586994736547e+01 9.616566985374433330e+00 -3.185965542407643181e+00 8.501265771814134453e+00
2.591525485302449416e-01 -2.171124459715999544e-01 5.380748906780922353e-02 -4.068005580586282477e-01 -3.746830418256906145e-03 -7.106972926930426974e-03 1.919391858820989949e+00 2.113328028586546115e+00 3.646968497989599545e+00 2.439283028069443748e+00 1.426192510847621719e-01 -1.145586357485404383e+00 -2.128002169931691778e+00 4.324020586457582027e+00 -1.385026306053907641e+00 2.658258199018923573e-01 -1.810424889697678452e+00 2.288923006699711049e+00
-1.618845117538495748e-01 -2.068704652597157939e-02 -1.425937235403059444e-01 -3.746830418256906145e-03 -4.105594687417422062e-01 -1.575814447342790137e-01 -2.957979922570622477e+00 -7.562847140953128822e+00 -2.084701985658702839e+01 -2.006741593048875316e+01 -3.057201977076865163e+01 -3.831343704081138668e+01 -4.413349565362422311e+01 -4.513043650405372631e+01 -2.902128850005111715e+01 -4.057078773488858303e+01 -3.379582240020468475e+01 -3.988045385290271838e+01
-9.667952002244431520e-02 -6.807651484350775439e-02 3.767342932840905823e-02 -7.106972926930426974e-03 -1.575814447342790137e-01 -2.710186313435368199e-01 -6.259547336694121000e+00 -1.243822496411883272e+01 -1.823911827105364836e+01 -1.237853890177097504e+01 -4.775135377270463266e+01 -1.829033298330590185e+01 -3.483732064678828522e+01 -4.988090432177381217e+01 -4.622350158341473048e+01 -3.120250161143148304e+01 -2.626907758680995997e+01 -3.647590633072027089e+01
5.426642687167112911e+01 4.109618639519482741e+01 -1.384092275249042636e+01 1.919391858820989949e+00 -2.957979922570622477e+00 -6.259547336694121000e+00 -7.537683661015154030e+03 -8.041013039008985288e+03 -1.520742685522303418e+03 -5.822961372136110185e+02 -7.063768188483113875e+01 -2.438313074723228056e+02 -4.906329652923417939e+02 2.017993318443117801e+02 -2.224909669087623172e+02 4.923876050533404936e+01 1.489219656876360034e+02 -1.393313981060953779e+02
5.753754527093990134e+01 3.498510995980292648e+01 -1.906837033258048564e+01 2.113328028586546115e+00 -7.562847140953128822e+00 -1.243822496411883272e+01 -8.041013039008985288e+03 -9.153079220044111935e+03 -9.474690783762109731e+02 -7.220094541122181226e+02 1.219877694892303310e+02 -5.347093468457596828e+02 -7.574547790376784633e+02 4.147041604433667885e+02 -1.751341503792736489e+02 -1.424415487963289451e+01 1.304631595943497757e+02 -1.172863361145650458e+02
1.010062335841479069e+02 3.809395374088731501e+01 -2.194488006155142301e+01 3.646968497989599545e+00 -2.084701985658702839e+01 -1.823911827105364836e+01 -1.520742685522303418e+03 -9.474690783762109731e+02 -2.077515483566784314e+04 -4.313251662191568357e+03 -4.693714599272115265e+03 -1.849977672752089347e+03 -3.614725517015050627e+03 1.937825598187339438e+03 1.447663952590473173e+03 -6.088165993755021645e+02 1.201161382159111099e+03 -8.182851634529532703e+02
8.814734811767512213e+01 3.740508094457037203e+01 -7.857080456450382222e+00 2.439283028069443748e+00 -2.006741593048875316e+01 -1.237853890177097504e+01 -5.822961372136110185e+02 -7.220094541122181226e+02 -4.313251662191568357e+03 -1.465736048455425589e+04 -2.164684894750441799e+03 -1.146069491686354240e+02 -5.020403781352656551e+02 4.269192422802296392e+02 1.741484683882377567e+03 -4.936200031506828623e+02 2.823905129071203532e+02 -5.899826986822245090e+01
1.414476859686799344e+02 4.104944687114321766e+01 3.312881039193374733e+01 1.426192510847621719e-01 -3.057201977076865163e+01 -4.775135377270463266e+01 -7.063768188483113875e+01 1.219877694892303310e+02 -4.693714599272115265e+03 -2.164684894750441799e+03 -1.411060370483194420e+05 -5.524801279299724411e+04 -1.290847071347012752e+04 -1.366989104968727042e+04 -1.505701420402280746e+04 8.273686126892594984e+03 8.910199598666344173e+03 -1.023445747763159306e+04
4.446761327665008423e+01 7.379664506881314878e+01 -3.920090669067795464e+00 -1.145586357485404383e+00 -3.831343704081138668e+01 -1.829033298330590185e+01 -2.438313074723228056e+02 -5.347093468457596828e+02 -1.849977672752089347e+03 -1.146069491686354240e+02 -5.524801279299724411e+04 -9.623485134102603479e+04 4.948131458527642280e+03 -1.185209095684762178e+04 -1.114223875432900604e+04 5.874898001048645710e+03 7.707368706229568716e+02 -2.648450100050191395e+03
1.467739801185981463e+01 7.295164738993184983e+01 1.000608525280556051e+02 -2.128002169931691778e+00 -4.413349565362422311e+01 -3.483732064678828522e+01 -4.906329652923417939e+02 -7.574547790376784633e+02 -3.614725517015050627e+03 -5.020403781352656551e+02 -1.290847071347012752e+04 4.948131458527642280e+03 -1.976329333350078959e+05 -2.915524634622722442e+04 -2.488916940140030420e+04 -5.393802434161391830e+03 -3.927262180029875253e+03 7.878913046744692110e+02
1.136235642775340722e+02 3.103085830784696242e+01 -1.143718199159589517e+02 4.324020586457582027e+00 -4.513043650405372631e+01 -4.988090432177381217e+01 2.017993318443117801e+02 4.147041604433667885e+02 1.937825598187339438e+03 4.269192422802296392e+02 -1.366989104968727042e+04 -1.185209095684762178e+04 -2.915524634622722442e+04 -1.363072382927581493e+05 1.439666501361084738e+04 -1.066289203512207496e+04 -1.174537157642624879e+04 1.270199963089394987e+04
3.317791547381466444e+01 8.018901497884225194e+01 5.089011586994736547e+01 -1.385026306053907641e+00 -2.902128850005111715e+01 -4.622350158341473048e+01 -2.224909669087623172e+02 -1.751341503792736489e+02 1.447663952590473173e+03 1.741484683882377567e+03 -1.505701420402280746e+04 -1.114223875432900604e+04 -2.488916940140030420e+04 1.439666501361084738e+04 -4.599464461952211568e+05 -2.636801699825586547e+04 -4.409841258131775248e+04 -2.579350716347056004e+04
1.085917593523334119e+02 5.219139687403508532e+01 9.616566985374433330e+00 2.658258199018923573e-01 -4.057078773488858303e+01 -3.120250161143148304e+01 4.923876050533404936e+01 -1.424415487963289451e+01 -6.088165993755021645e+02 -4.936200031506828623e+02 8.273686126892594984e+03 5.874898001048645710e+03 -5.393802434161391830e+03 -1.066289203512207496e+04 -2.636801699825586547e+04 -1.331197185703991563e+05 4.219965299847973256e+03 -6.947902195410476452e+03
7.474022531460286700e+01 8.018074959467034546e+01 -3.185965542407643181e+00 -1.810424889697678452e+00 -3.379582240020468475e+01 -2.626907758680995997e+01 1.489219656876360034e+02 1.304631595943497757e+02 1.201161382159111099e+03 2.823905129071203532e+02 8.910199598666344173e+03 7.707368706229568716e+02 -3.927262180029875253e+03 -1.174537157642624879e+04 -4.409841258131775248e+04 4.219965299847973256e+03 -1.973634598873607174e+05 -1.401250149264719948e+04
8.154599444900534877e+01 4.679447271069590641e+01 8.501265771814134453e+00 2.288923006699711049e+00 -3.988045385290271838e+01 -3.647590633072027089e+01 -1.393313981060953779e+02 -1.172863361145650458e+02 -8.182851634529532703e+02 -5.899826986822245090e+01 -1.023445747763159306e+04 -2.648450100050191395e+03 7.878913046744692110e+02 1.270199963089394987e+04 -2.579350716347056004e+04 -6.947902195410476452e+03 -1.401250149264719948e+04 -1.619984833073856425e+05
