-3.310200365281154518e+03 9.996769516609025175e+01 1.035931054449723661e+02 2.692019123158861760e+01 5.734202435722713176e+01 3.535653306691113329e+01 -3.739046516291471001e-01 3.292824254950453167e+01 3.840427535413643056e+01 4.233673780017703336e+01 1.096368319475518582e+01 -9.564904060785518425e+01 1.283163231299890583e+02 1.239460002219325929e+02 6.683896758782989878e+01 9.678126755401170556e+01 4.929212176364897147e+01 4.172557701444418399e+01 1.031298463161232348e+02
9.996769516609025175e+01 -1.694176600758936274e+03 -1.098672745491077229e+01 -2.955705061359997998e+01 1.057309208245506170e+03 9.438953576767374898e+02 -9.487141528126178613e+00 4.313856152040758047e+02 5.703719183641771906e+01 2.330377381566605663e+02 2.279261036702285992e+02 8.282450370473375756e+01 7.099392128494559984e+01 9.032380772075987352e+01 1.387330139693146975e+02 -1.340804885010018843e+01 8.809259551411712152e+01 1.402629450476074453e+02 -2.210491214013174144e+01
1.035931054449723661e+02 -1.098672745491077229e+01 -2.144510210340190497e+03 2.604143869303795000e+01 -1.227765475676276310e+03 -1.105915180812691915e+03 1.112497366244278041e+01 -2.949338591639550486e+02 3.155770136772821033e+01 -1.726774493589873885e+02 -8.739163882423738983e+01 -3.545711047883161715e+00 -1.713182643986372113e+02 -9.839164717430213258e+00 -4.626672037383133151e+00 7.032861667921648063e+01 -2.763731427787086403e+01 -7.645766293626657273e+00 5.254229470532059310e+01
2.692019123158861760e+01 -2.955705061359997998e+01 2.604143869303795000e+01 -7.977557021770357437e+01 -3.165168412158092526e+00 -5.840795014332943680e+00 1.570153624778576340e-01 1.480958578039484905e+02 5.828162797040328513e+01 1.150287851117723932e+02 1.058827954180131314e+02 4.788849126696278091e+01 5.680312588785187700e+01 3.310166932553961772e+01 3.968159941054725692e+01 3.811546566157342397e+01 4.726461159815244173e+01 3.723544892925067273e+01 2.412855370970078539e+01
5.734202435722713176e+01 1.057309208245506170e+03 -1.227765475676276310e+03 -3.165168412158092526e+00 -2.896026359785694149e+04 -4.658010657460627044e+03 1.446781931208846288e+02 2.180226113502833869e+03 -4.563880157381040590e+02 -5.931732129573508416e+01 2.002904023208205686e+01 -4.356254809440775716e+03 -4.507666929767334295e+03 -5.312769725115879737e+03 -4.829873951634089281e+03 -4.748252160540005207e+03 -5.412579919370738935e+03 -5.272704532700106938e+03 -5.377275200039333868e+03
3.535653306691113329e+01 9.438953576767374898e+02 -1.105915180812691915e+03 -5.840795014332943680e+00 -4.658010657460627044e+03 -2.177940509291545823e+04 1.243670937739932469e+02 1.936987536466521078e+03 -4.115319245391356162e+02 3.091142269095061010e+02 7.535478259649865151e+01 -3.548422612059149287e+03 -4.064814187484380454e+03 -4.165667642097907446e+03 -3.902863484034777684e+03 -4.219173792845435855e+03 -3.831155289202880340e+03 -4.377271891146693633e+03 -4.484595781462579907e+03
-3.739046516291471001e-01 -9.487141528126178613e+00 1.112497366244278041e+01 1.570153624778576340e-01 1.446781931208846288e+02 1.243670937739932469e+02 -1.227647680797244956e+00 -1.673792515748512599e+01 3.279253159880058721e+00 -1.460133739287955201e+00 -7.641332022050369988e-01 3.401639121123453435e+01 3.720300421756028442e+01 4.075456997661947867e+01 3.789664486068191707e+01 3.896194614243240295e+01 3.996860868236110065e+01 4.167926990056521674e+01 4.327417152461364225e+01
3.292824254950453167e+01 4.313856152040758047e+02 -2.949338591639550486e+02 1.480958578039484905e+02 2.180226113502833869e+03 1.936987536466521078e+03 -1.673792515748512599e+01 -4.831566685720495116e+03 -1.569949937888645309e+03 -1.383370695812103804e+03 -9.107095380116805927e+02 -3.992575133925961381e+02 3.401822984154544116e+01 1.135369804100319868e+01 2.414283992189695027e+01 -1.155640013218809337e+01 1.727225296539524502e+00 -1.238365077546263215e+01 1.323133170692694804e+01
3.840427535413643056e+01 5.703719183641771906e+01 3.155770136772821033e+01 5.828162797040328513e+01 -4.563880157381040590e+02 -4.115319245391356162e+02 3.279253159880058721e+00 -1.569949937888645309e+03 -2.285152701148852884e+03 -4.160946371704729358e+02 -2.417996879925691189e+02 -7.359218751171943040e+01 -1.867111885758411205e+01 -7.413010640243987481e+00 2.207547761181050561e+00 -4.367043853440679158e+01 3.062273524715501960e+00 1.806049193570708056e+01 -3.083945987683033252e+01
4.233673780017703336e+01 2.330377381566605663e+02 -1.726774493589873885e+02 1.150287851117723932e+02 -5.931732129573508416e+01 3.091142269095061010e+02 -1.460133739287955201e+00 -1.383370695812103804e+03 -4.160946371704729358e+02 -3.808208020603769455e+03 -7.138466796512303745e+02 -4.736351472906158619e+02 -2.167297424552176892e+02 -4.327032555754870913e+01 1.052560585485586415e+02 6.593695567891820986e+01 -4.419883133329364711e+01 2.531540472263544928e+01 -3.168575024105295768e+01
1.096368319475518582e+01 2.279261036702285992e+02 -8.739163882423738983e+01 1.058827954180131314e+02 2.002904023208205686e+01 7.535478259649865151e+01 -7.641332022050369988e-01 -9.107095380116805927e+02 -2.417996879925691189e+02 -7.138466796512303745e+02 -2.886302674025425858e+03 7.311740737664702294e+01 -1.453721290919874036e+02 2.390312515398035131e+01 1.951871595818163030e+01 7.531288659598951085e+01 -3.312038627923517708e+01 -4.856582961132238196e+00 1.863916826950658745e+01
-9.564904060785518425e+01 8.282450370473375756e+01 -3.545711047883161715e+00 4.788849126696278091e+01 -4.356254809440775716e+03 -3.548422612059149287e+03 3.401639121123453435e+01 -3.992575133925961381e+02 -7.359218751171943040e+01 -4.736351472906158619e+02 7.311740737664702294e+01 -4.425072171724359941e+04 -2.902036500552182770e+04 -4.286228565231457651e+03 -4.513697534024190645e+03 -2.776667733687785926e+02 -3.430887565340921697e+02 -1.012587408291102662e+02 4.111092287067189233e+01
1.283163231299890583e+02 7.099392128494559984e+01 -1.713182643986372113e+02 5.680312588785187700e+01 -4.507666929767334295e+03 -4.064814187484380454e+03 3.720300421756028442e+01 3.401822984154544116e+01 -1.867111885758411205e+01 -2.167297424552176892e+02 -1.453721290919874036e+02 -2.902036500552182770e+04 -3.756456225055563846e+04 -3.001044836938348908e+03 -4.015447234544340972e+03 -3.337095586148249140e+02 -9.803495063243826735e+01 -1.835768688023692334e+02 1.753112810095083205e+02
1.239460002219325929e+02 9.032380772075987352e+01 -9.839164717430213258e+00 3.310166932553961772e+01 -5.312769725115879737e+03 -4.165667642097907446e+03 4.075456997661947867e+01 1.135369804100319868e+01 -7.413010640243987481e+00 -4.327032555754870913e+01 2.390312515398035131e+01 -4.286228565231457651e+03 -3.001044836938348908e+03 -9.753372719411793514e+04 -1.281090683937260656e+04 -9.690237804554377362e+03 -6.130846160521414276e+03 -2.823838442954558445e+02 -6.683251795310782200e+02
6.683896758782989878e+01 1.387330139693146975e+02 -4.626672037383133151e+00 3.968159941054725692e+01 -4.829873951634089281e+03 -3.902863484034777684e+03 3.789664486068191707e+01 2.414283992189695027e+01 2.207547761181050561e+00 1.052560585485586415e+02 1.951871595818163030e+01 -4.513697534024190645e+03 -4.015447234544340972e+03 -1.281090683937260656e+04 -5.876658932921436644e+04 -1.983706285635368886e+03 -7.565374290382333129e+02 2.594856650775938647e+02 -4.094993536499210336e+02
9.678126755401170556e+01 -1.340804885010018843e+01 7.032861667921648063e+01 3.811546566157342397e+01 -4.748252160540005207e+03 -4.219173792845435855e+03 3.896194614243240295e+01 -1.155640013218809337e+01 -4.367043853440679158e+01 6.593695567891820986e+01 7.531288659598951085e+01 -2.776667733687785926e+02 -3.337095586148249140e+02 -9.690237804554377362e+03 -1.983706285635368886e+03 -1.012917193458677648e+05 -1.005698782311250034e+04 -2.388655627422216185e+03 -6.053535617976828689e+03
4.929212176364897147e+01 8.809259551411712152e+01 -2.763731427787086403e+01 4.726461159815244173e+01 -5.412579919370738935e+03 -3.831155289202880340e+03 3.996860868236110065e+01 1.727225296539524502e+00 3.062273524715501960e+00 -4.419883133329364711e+01 -3.312038627923517708e+01 -3.430887565340921697e+02 -9.803495063243826735e+01 -6.130846160521414276e+03 -7.565374290382333129e+02 -1.005698782311250034e+04 -5.072263639502108708e+04 -3.441544154714586625e+02 -5.075937509061536161e+02
4.172557701444418399e+01 1.402629450476074453e+02 -7.645766293626657273e+00 3.723544892925067273e+01 -5.272704532700106938e+03 -4.377271891146693633e+03 4.167926990056521674e+01 -1.238365077546263215e+01 1.806049193570708056e+01 2.531540472263544928e+01 -4.856582961132238196e+00 -1.012587408291102662e+02 -1.835768688023692334e+02 -2.823838442954558445e+02 2.594856650775938647e+02 -2.388655627422216185e+03 -3.441544154714586625e+02 -8.395718470886285650e+04 -1.372378189750133242e+04
1.031298463161232348e+02 -2.210491214013174144e+01 5.254229470532059310e+01 2.412855370970078539e+01 -5.377275200039333868e+03 -4.484595781462579907e+03 4.327417152461364225e+01 1.323133170692694804e+01 -3.083945987683033252e+01 -3.168575024105295768e+01 1.863916826950658745e+01 4.111092287067189233e+01 1.753112810095083205e+02 -6.683251795310782200e+02 -4.094993536499210336e+02 -6.053535617976828689e+03 -5.075937509061536161e+02 -1.372378189750133242e+04 -1.076217575640354189e+05
