-2.224419580668467006e+03 2.552906219569173629e+01 3.087433078684652443e+01 1.301456545706427104e+00 -2.464670572389156789e+01 -1.112327048180180533e+01 -2.141553263412531383e+00 1.760155646837849588e+02 1.143828076380445680e+02 1.126002674091355118e+02 8.319213820648259627e+01 8.844855037681875842e+01 1.793139705832359994e+02 1.674872258498650410e+02 1.358529458785456256e+02 1.063012676580408993e+02 1.604739403291508211e+02 1.564193274053693017e+02 1.439136672043411522e+02
2.552906219569173629e+01 -9.414881779196348361e+02 2.221819643055538140e-01 -3.924718607511145319e+00 1.782804247088093774e+01 1.717486133663399883e+01 -2.135634368976566932e+01 2.295813891908226765e+02 5.696089502046568498e+01 1.069911824168121939e+02 8.932899680240535645e+01 1.018531376326227473e+02 1.411529760765776871e+02 1.505545693033582211e+02 1.350151801558231170e+02 1.204396587216351406e+02 4.456634034603404615e+01 1.224898479353145717e+02 7.103968718658224191e+01
3.087433078684652443e+01 2.221819643055538140e-01 -1.207511973506664390e+03 5.536241299692066242e+00 -3.147986581083083024e+01 -1.146281774220738470e+01 3.389017500572804664e+01 -2.318349896343884211e+02 -4.615718687754828409e+01 -1.403165468257137718e+02 -2.708763630066549055e+01 4.808062629369790564e+00 -3.271769576331087706e+02 -2.575599201895883539e+01 -1.978846976352934561e+01 -7.211888081717603427e+00 -2.276163519753941600e+01 -6.194587183549997889e+01 -2.091733906113493191e+01
1.301456545706427104e+00 -3.924718607511145319e+00 5.536241299692066242e+00 -3.349889001569266611e+01 -3.481566915913222982e+00 -3.603400109885639413e+00 -1.679028846730308833e-01 6.338058924725424248e+01 1.020464246410731057e+01 5.385974397557950510e+01 5.172569440526244477e+01 3.109542851202844460e+01 1.181214553098342712e+01 2.278729087851365875e+01 1.964979655560784266e+01 4.678812149443827728e+00 2.428854355371756668e+01 2.067564476509508964e+01 1.266009472245573342e+01
-2.464670572389156789e+01 1.782804247088093774e+01 -3.147986581083083024e+01 -3.481566915913222982e+00 -2.157962129729073695e+02 -4.942382095769415429e+01 1.060357807996849822e+01 4.095637648610669999e+02 -1.437114044651773668e+02 -3.248725408187491581e+01 -2.799139292877232421e+01 -4.128183381390660429e+02 -6.210543408009353925e+02 -6.845835421460462840e+02 -4.947997683336846535e+02 -6.178642966634096183e+02 -5.606568308607518247e+02 -5.909456463886441497e+02 -6.333986976268309945e+02
-1.112327048180180533e+01 1.717486133663399883e+01 -1.146281774220738470e+01 -3.603400109885639413e+00 -4.942382095769415429e+01 -1.524908445137895114e+02 3.122402586147306991e+01 4.521288976993962478e+02 -1.341620607459589962e+02 -2.879770722300873942e+01 -1.848411587985592064e+01 -5.581065887162684476e+02 -5.271602654261407679e+02 -4.924545426029710029e+02 -5.532322834998464032e+02 -5.858130347825864419e+02 -5.337601476730299055e+02 -5.722919188333007696e+02 -5.930967426327850944e+02
-2.141553263412531383e+00 -2.135634368976566932e+01 3.389017500572804664e+01 -1.679028846730308833e-01 1.060357807996849822e+01 3.122402586147306991e+01 -1.711956535208581087e+01 -5.047305243158116639e+01 2.078112083493387274e+01 1.411846130707665914e+01 -1.793774994171909043e+01 5.016703472018556198e+01 1.288318248592864279e+02 6.055925604750432711e+01 7.987994793508322289e+01 6.373647900350533035e+01 7.558464775545468228e+01 8.630236054924145606e+01 8.847596720387444691e+01
1.760155646837849588e+02 2.295813891908226765e+02 -2.318349896343884211e+02 6.338058924725424248e+01 4.095637648610669999e+02 4.521288976993962478e+02 -5.047305243158116639e+01 -1.945398997089608747e+04 -6.134371093293638296e+03 -4.458104705790330627e+03 -1.969686496943676730e+03 -1.139473044703881897e+03 -5.229999851299386648e+01 -4.581174913809312699e+01 1.950310021999625292e+02 4.029065627076821698e+01 -4.226002914744795191e+01 1.114874799773126135e+01 3.812074342716196718e+00
1.143828076380445680e+02 5.696089502046568498e+01 -4.615718687754828409e+01 1.020464246410731057e+01 -1.437114044651773668e+02 -1.341620607459589962e+02 2.078112083493387274e+01 -6.134371093293638296e+03 -1.053485740062752666e+04 -7.740045717143186721e+02 -9.803792940729986185e+02 -3.872851333567035681e+02 5.277081479867639757e+01 2.113678340296396811e+02 -1.840107733665671788e+02 -2.361469232556683906e+01 7.231013079702033330e+00 3.890704709759521052e+01 -3.380779428072182924e+01
1.126002674091355118e+02 1.069911824168121939e+02 -1.403165468257137718e+02 5.385974397557950510e+01 -3.248725408187491581e+01 -2.879770722300873942e+01 1.411846130707665914e+01 -4.458104705790330627e+03 -7.740045717143186721e+02 -1.193683238052255365e+04 -7.808859878394021052e+02 -9.352725624077161228e+02 -9.251278726626566140e+02 4.394130834889552943e+02 -4.112190186611817211e+01 7.255183965222997244e+01 -2.036006200060926474e+01 -2.959364999464341039e+01 7.531166734481755043e+01
8.319213820648259627e+01 8.932899680240535645e+01 -2.708763630066549055e+01 5.172569440526244477e+01 -2.799139292877232421e+01 -1.848411587985592064e+01 -1.793774994171909043e+01 -1.969686496943676730e+03 -9.803792940729986185e+02 -7.808859878394021052e+02 -8.852430151737831693e+03 5.189075021258894367e+02 -4.734771579692769023e+02 7.673552555405072439e+01 4.034528812824037658e+01 1.703710179706426331e+01 -8.898078819557293517e-01 -3.375809039250790988e+01 4.509520676810427631e+01
8.844855037681875842e+01 1.018531376326227473e+02 4.808062629369790564e+00 3.109542851202844460e+01 -4.128183381390660429e+02 -5.581065887162684476e+02 5.016703472018556198e+01 -1.139473044703881897e+03 -3.872851333567035681e+02 -9.352725624077161228e+02 5.189075021258894367e+02 -7.256771396137056581e+04 -3.519213971959339688e+04 -4.581149969004201921e+03 -5.718329978360647146e+03 -2.227778914073295709e+03 2.405077512633404808e+02 6.833410048713513163e+01 -4.108330309140982308e+02
1.793139705832359994e+02 1.411529760765776871e+02 -3.271769576331087706e+02 1.181214553098342712e+01 -6.210543408009353925e+02 -5.271602654261407679e+02 1.288318248592864279e+02 -5.229999851299386648e+01 5.277081479867639757e+01 -9.251278726626566140e+02 -4.734771579692769023e+02 -3.519213971959339688e+04 -5.949913222855651111e+04 -4.313712134993775180e+03 -3.387020483415200943e+03 -2.316836456797911978e+03 5.427821783838588772e+02 1.435948206938837757e+02 -6.202833274071994083e+02
1.674872258498650410e+02 1.505545693033582211e+02 -2.575599201895883539e+01 2.278729087851365875e+01 -6.845835421460462840e+02 -4.924545426029710029e+02 6.055925604750432711e+01 -4.581174913809312699e+01 2.113678340296396811e+02 4.394130834889552943e+02 7.673552555405072439e+01 -4.581149969004201921e+03 -4.313712134993775180e+03 -1.162937738643927878e+05 -1.262688322423434329e+04 -1.366638109911747415e+04 -6.177072208780001347e+03 8.291950853715135281e+02 -2.241771490173742677e+03
1.358529458785456256e+02 1.350151801558231170e+02 -1.978846976352934561e+01 1.964979655560784266e+01 -4.947997683336846535e+02 -5.532322834998464032e+02 7.987994793508322289e+01 1.950310021999625292e+02 -1.840107733665671788e+02 -4.112190186611817211e+01 4.034528812824037658e+01 -5.718329978360647146e+03 -3.387020483415200943e+03 -1.262688322423434329e+04 -7.322585044800770993e+04 4.763518192602518866e+02 -1.683723387873544425e+03 2.389917246808998286e+01 3.150188305153685064e+02
1.063012676580408993e+02 1.204396587216351406e+02 -7.211888081717603427e+00 4.678812149443827728e+00 -6.178642966634096183e+02 -5.858130347825864419e+02 6.373647900350533035e+01 4.029065627076821698e+01 -2.361469232556683906e+01 7.255183965222997244e+01 1.703710179706426331e+01 -2.227778914073295709e+03 -2.316836456797911978e+03 -1.366638109911747415e+04 4.763518192602518866e+02 -1.589185066812026489e+05 -1.410300017979317090e+04 -3.915379749125660510e+03 -7.193904076157904456e+03
1.604739403291508211e+02 4.456634034603404615e+01 -2.276163519753941600e+01 2.428854355371756668e+01 -5.606568308607518247e+02 -5.337601476730299055e+02 7.558464775545468228e+01 -4.226002914744795191e+01 7.231013079702033330e+00 -2.036006200060926474e+01 -8.898078819557293517e-01 2.405077512633404808e+02 5.427821783838588772e+02 -6.177072208780001347e+03 -1.683723387873544425e+03 -1.410300017979317090e+04 -6.535978261629292683e+04 -1.016784732357576672e+03 1.724898476095207656e+01
1.564193274053693017e+02 1.224898479353145717e+02 -6.194587183549997889e+01 2.067564476509508964e+01 -5.909456463886441497e+02 -5.722919188333007696e+02 8.630236054924145606e+01 1.114874799773126135e+01 3.890704709759521052e+01 -2.959364999464341039e+01 -3.375809039250790988e+01 6.833410048713513163e+01 1.435948206938837757e+02 8.291950853715135281e+02 2.389917246808998286e+01 -3.915379749125660510e+03 -1.016784732357576672e+03 -1.002246418764316331e+05 -1.352817138421481650e+04
1.439136672043411522e+02 7.103968718658224191e+01 -2.091733906113493191e+01 1.266009472245573342e+01 -6.333986976268309945e+02 -5.930967426327850944e+02 8.847596720387444691e+01 3.812074342716196718e+00 -3.380779428072182924e+01 7.531166734481755043e+01 4.509520676810427631e+01 -4.108330309140982308e+02 -6.202833274071994083e+02 -2.241771490173742677e+03 3.150188305153685064e+02 -7.193904076157904456e+03 1.724898476095207656e+01 -1.352817138421481650e+04 -1.290847395490841736e+05
