-2.225055668523843337e+02 2.477822502956182671e+00 4.650409037652412536e+00 3.573871598075770706e-01 -4.785038363071007494e-01 -7.604105189828382072e-02 2.411173180229700744e-02 -6.399936582255557482e+01 -9.599904873383371751e+01 -1.782839476485477235e+02 -5.942798254951613757e+01 -1.051418152799132741e+02 -3.245682123858180148e+02 0.000000000000000000e+00 8.685628218775414666e+01 -2.925685294745405827e+02 -7.314213236863514567e+01 -2.331405469250237275e+02 -2.057122472867864360e+02
2.477822502956182671e+00 -9.526437276323953540e+01 3.278819860848282697e-01 -9.111516924947751783e-02 4.421699926070322278e-02 4.371111419206413079e-03 -2.405095647126597846e+00 -8.338964647130325147e+01 -7.959920799533482239e+01 -7.580876951936501129e+00 1.137131542790492489e+01 -1.402462236108282241e+02 -1.591984159906696448e+02 -6.064701561549305353e+01 -2.274263085581019794e+01 -3.449299013131175684e+02 7.580876951936848407e+00 -9.097052342323975438e+01 -2.387976239860044814e+02
4.650409037652412536e+00 3.278819860848282697e-01 -1.227997486215925562e+02 9.735412164020258718e-02 -4.834255068262111044e-02 4.406776982687834326e-02 2.465323032010971804e+00 7.679523337440762987e+01 7.679523337440762987e+01 8.228060718686452901e+01 3.839761668720381493e+01 3.016955596851715313e+02 2.742686906228794186e+01 1.535904667488145492e+02 2.303857001232221933e+02 1.316489714989835136e+02 2.303857001232214827e+02 8.228060718686452901e+01 1.755319619986449027e+02
3.573871598075770706e-01 -9.111516924947751783e-02 9.735412164020258718e-02 -1.624610710068122299e-01 -1.156747804785942559e-02 8.203499602857839985e-04 3.902125475351467167e-03 6.463308008740673571e-01 -1.077218001456778929e+00 1.077218001456778929e+00 9.048631212236944776e+00 -5.816977207866607102e+00 -1.723548802330846730e+00 -6.463308008740674682e-01 6.247864408449317786e+00 -6.032420808157962888e+00 3.231654004370337230e+00 1.938992402622202293e+00 1.077218001456778929e+00
-4.785038363071007494e-01 4.421699926070322278e-02 -4.834255068262111044e-02 -1.156747804785942559e-02 -6.927234969319563396e-01 -1.196314521456708080e-01 3.685818949813623319e-02 1.165387902950802435e+01 -9.064128134061814279e+00 1.294875447723114092e+01 9.064128134061792963e+00 -5.308989335664765719e+01 -3.107701074535473751e+01 -2.589750895446232715e+00 3.884626343169348850e+00 -6.474377238615568331e+01 1.294875447723113027e+01 -3.107701074535473751e+01 -3.884626343169327090e+00
-7.604105189828382072e-02 4.371111419206413079e-03 4.406776982687834326e-02 8.203499602857839985e-04 -1.196314521456708080e-01 -1.711051350849095987e-01 -1.078517190518326063e-01 1.014112074001428709e+01 -4.302293647278796485e+00 -7.989973916374889740e+00 -5.070560370007143547e+00 -1.213861421910801042e+01 -1.582629448820411433e+01 -1.982128144639156986e+01 -1.997493479093724389e+01 -1.659456121093248271e+01 -1.782378796729783588e+01 -2.335530837094199796e+01 -1.982128144639156986e+01
2.411173180229700744e-02 -2.405095647126597846e+00 2.465323032010971804e+00 3.902125475351467167e-03 3.685818949813623319e-02 -1.078517190518326063e-01 -7.958611574291700741e+00 2.183613321449311329e+01 4.852474047665143786e+00 -4.609850345281878958e+01 -3.881979238132110765e+01 7.521334773880964519e+01 -5.095097750048395824e+01 4.852474047665139523e+01 -1.455742214299543136e+01 -2.911484428599082008e+01 5.095097750048395824e+01 -9.704948095330287572e+00 4.367226642898624789e+01
-6.399936582255557482e+01 -8.338964647130325147e+01 7.679523337440762987e+01 6.463308008740673571e-01 1.165387902950802435e+01 1.014112074001428709e+01 2.183613321449311329e+01 -5.036199714012664117e+03 -2.701874367130749306e+03 -3.469181993113454041e+02 3.820397075323250391e+01 -2.637124083778082451e+01 1.019233287839302307e+02 -2.708990903930064178e+02 7.253209452367731558e+01 1.578156737199076645e+02 -3.397716798154148421e+01 8.270363944970075920e+01 -3.209782570482155961e+01
-9.599904873383371751e+01 -7.959920799533482239e+01 7.679523337440762987e+01 -1.077218001456778929e+00 -9.064128134061814279e+00 -4.302293647278796485e+00 4.852474047665143786e+00 -2.701874381650424766e+03 -4.085823247000043011e+03 -3.108511630175031542e+02 -5.472753709136815132e+02 -2.129353658805912914e+02 1.044172085564024002e+02 -7.512635960025409076e+01 -7.803975478309823188e+00 -6.101044220585548850e+00 -7.939464945039275356e+00 4.480145982116434111e-01 -4.299655331069240916e+00
-1.782839476485477235e+02 -7.580876951936501129e+00 8.228060718686452901e+01 1.077218001456778929e+00 1.294875447723114092e+01 -7.989973916374889740e+00 -4.609850345281878958e+01 -3.469182035832740212e+02 -3.108511675876106324e+02 -1.095838963524897372e+04 -2.520875816056623535e+03 -1.632934015200160275e+03 -6.346282608833422501e+02 5.204986968739249278e+02 -4.711141384949799544e+02 7.515728953768840483e+02 -2.775179404666330356e+02 6.480787576065405347e+02 -3.771502632795936165e+02
-5.942798254951613757e+01 1.137131542790492489e+01 3.839761668720381493e+01 9.048631212236944776e+00 9.064128134061792963e+00 -5.070560370007143547e+00 -3.881979238132110765e+01 3.820396300888983632e+01 -5.472753748573817347e+02 -2.520875815351295387e+03 -1.336101948804119638e+04 -7.413153992095633384e+02 -4.816687241668698505e+01 8.372242434335943244e+02 -2.888034028406685820e+02 2.593916921434458231e+02 -2.766657759429857677e+01 1.296764306184666680e+02 -6.032998562534724130e+01
-1.051418152799132741e+02 -1.402462236108282241e+02 3.016955596851715313e+02 -5.816977207866607102e+00 -5.308989335664765719e+01 -1.213861421910801042e+01 7.521334773880964519e+01 -2.637125462626871197e+01 -2.129353683473181036e+02 -1.632934160610612025e+03 -7.413154522467657443e+02 -3.772630540219513205e+04 -1.221798866301515591e+04 -1.101786859710306089e+03 -2.821887056126525749e+03 4.832974841691667280e+03 -1.862877892230758789e+03 -2.363695917267816071e+02 1.475417807766193846e+03
-3.245682123858180148e+02 -1.591984159906696448e+02 2.742686906228794186e+01 -1.723548802330846730e+00 -3.107701074535473751e+01 -1.582629448820411433e+01 -5.095097750048395824e+01 1.019233271544531192e+02 1.044172099073412028e+02 -6.346282970669302586e+02 -4.816688580229072159e+01 -1.221798831293862531e+04 -2.713421807946835179e+04 -1.464790525577816425e+03 -7.764595511132235970e+02 2.050603267948180928e+03 -7.997611867496519835e+02 -1.622789956518968893e+03 1.970639829501395525e+03
0.000000000000000000e+00 -6.064701561549305353e+01 1.535904667488145492e+02 -6.463308008740674682e-01 -2.589750895446232715e+00 -1.982128144639156986e+01 4.852474047665139523e+01 -2.708990664950214295e+02 -7.512637569101198665e+01 5.204986122490622620e+02 8.372242392912204423e+02 -1.101788361812948096e+03 -1.464791024994559166e+03 -1.167231084873716318e+05 -1.005008704726718315e+04 -1.054505895957262146e+04 -2.895512866234214925e+03 -5.856363647129154742e+03 2.831914222752265687e+03
8.685628218775414666e+01 -2.274263085581019794e+01 2.303857001232221933e+02 6.247864408449317786e+00 3.884626343169348850e+00 -1.997493479093724389e+01 -1.455742214299543136e+01 7.253209589324349338e+01 -7.803976523317046166e+00 -4.711141802281340460e+02 -2.888034204386630108e+02 -2.821887159705380782e+03 -7.764595922188865416e+02 -1.005008574922015760e+04 -5.510578072175295529e+04 -8.127399040264337600e+03 2.254272361063493008e+03 -1.956375656699520050e+03 -6.521687837875031164e+02
-2.925685294745405827e+02 -3.449299013131175684e+02 1.316489714989835136e+02 -6.032420808157962888e+00 -6.474377238615568331e+01 -1.659456121093248271e+01 -2.911484428599082008e+01 1.578157185644149365e+02 -6.101043190348542034e+00 7.515731813083402812e+02 2.593918213492182758e+02 4.832976403830032723e+03 2.050603898184290301e+03 -1.054505995739407263e+04 -8.127402296590223159e+03 -1.388810598302893341e+05 -5.871976276641434197e+03 -1.411643137042882154e+04 -1.138095118125353292e+04
-7.314213236863514567e+01 7.580876951936848407e+00 2.303857001232214827e+02 3.231654004370337230e+00 1.294875447723113027e+01 -1.782378796729783588e+01 5.095097750048395824e+01 -3.397716827980983822e+01 -7.939465059203508979e+00 -2.775179458757992279e+02 -2.766657773523167663e+01 -1.862877863505829737e+03 -7.997611890220134683e+02 -2.895511798619761066e+03 2.254272348735888045e+03 -5.871973000522800248e+03 -3.676642759749778634e+04 1.316515859748480580e+03 -2.652843257874309529e+03
-2.331405469250237275e+02 -9.097052342323975438e+01 8.228060718686452901e+01 1.938992402622202293e+00 -3.107701074535473751e+01 -2.335530837094199796e+01 -9.704948095330287572e+00 8.270364054730887915e+01 4.480146687274588202e-01 6.480787615141855440e+02 1.296764322640572686e+02 -2.363696961251014557e+02 -1.622790003547612514e+03 -5.856363179954618317e+03 -1.956375636405918840e+03 -1.411642501761863787e+04 1.316515846532494152e+03 -7.606059434279197012e+04 -7.267241948506089102e+03
-2.057122472867864360e+02 -2.387976239860044814e+02 1.755319619986449027e+02 1.077218001456778929e+00 -3.884626343169327090e+00 -1.982128144639156986e+01 4.367226642898624789e+01 -3.209782951147793284e+01 -4.299655613752839223e+00 -3.771503077978258034e+02 -6.032999227452983604e+01 1.475417794724066425e+03 1.970639910315946508e+03 2.831914188203508729e+03 -6.521687629044795358e+02 -1.138094530408266110e+04 -2.652843422957153052e+03 -7.267242051232605263e+03 -6.775937890912343573e+04
