-3.257480637319011748e+03 1.372252159046385316e+02 1.531502741866580379e+02 2.603255547289726834e+01 -2.368545592751937079e+01 2.732923699023920072e+00 5.501265585001484482e+01 2.722255123999218540e+01 1.286791876084912012e+01 -6.108301850812834743e+01 1.025751210118711327e+02 1.667846932733092444e+02 8.616601472927514749e+01 1.241986562109681955e+02 5.193991504249095925e+01 6.379194469422611036e+01 1.099308938670011315e+02
1.372252159046385316e+02 -1.589060713348929085e+03 -8.534990638207533564e+00 -3.169003080755779678e+01 3.587293213243711421e+01 1.652966291643456884e+02 1.196205486827273177e+02 8.960645970837150287e+01 9.833424025028311632e+01 1.295862776030354837e+02 1.538986722799066627e+02 1.392226176465132426e+02 2.249451668877339614e+02 8.131044812320186566e+01 1.633337820693934361e+02 2.274829520520916901e+02 8.112654444359790773e+01
1.531502741866580379e+02 -8.534990638207533564e+00 -2.262747633133966701e+03 3.112749180135588389e+01 -2.644643587684604213e+01 -4.549821894271219413e+00 -5.201512840316488706e+01 -1.125057050175552753e+01 3.905879191816486440e+01 -4.220494820481438580e+01 -2.779101073275821250e+02 -1.436168030089782803e+02 -1.576965875923616522e+02 -5.604939648641205707e+01 -1.315936341309970032e+02 -1.117105122131177808e+02 -1.227324605008061411e+02
2.603255547289726834e+01 -3.169003080755779678e+01 3.112749180135588389e+01 -7.335498633691919679e+01 -1.313551967595440928e+01 1.445526561817776212e+02 5.037170137444856266e+01 1.041568796149164768e+02 9.568737283963511686e+01 4.999814863957740840e+01 4.141886533121216019e+01 2.596416935823418015e+01 3.383545127346586412e+01 3.610648863392533059e+01 3.782928975546931838e+01 3.098175188240377409e+01 2.131826914705278853e+01
-2.368545592751937079e+01 3.587293213243711421e+01 -2.644643587684604213e+01 -1.313551967595440928e+01 -1.901814029390101723e+03 9.952232337835192766e+02 -2.615317723558632110e+02 -1.606308942860571065e+01 -1.199039686203568493e+02 -1.765352500769670087e+03 -1.705485119292952049e+03 -2.030636384337905611e+03 -1.812530802244815277e+03 -1.947858459381702914e+03 -1.880836211637843689e+03 -1.984455411818029233e+03 -2.013458675492283646e+03
2.732923699023920072e+00 1.652966291643456884e+02 -4.549821894271219413e+00 1.445526561817776212e+02 9.952232337835192766e+02 -4.317342976315409942e+03 -1.675042162665850128e+03 -1.295455832311127779e+03 -8.453590309202056687e+02 -3.172669998592187994e+02 2.572411255851543643e+01 -3.126022659048836871e+01 3.754060443062428476e+01 -8.866608382824384904e+00 -1.795054343785063233e+00 -1.804736018763639294e+01 2.537602114339890846e+01
5.501265585001484482e+01 1.196205486827273177e+02 -5.201512840316488706e+01 5.037170137444856266e+01 -2.615317723558632110e+02 -1.675042162665850128e+03 -2.343040608764458284e+03 -4.133378789351739897e+02 -2.850314701419162589e+02 -1.578514595568321397e+02 1.367322416535040830e+01 -1.996426995867894405e+01 1.063203219012434353e+01 -6.590496433830750789e+01 1.185672594280055492e+01 2.464557142591435124e+01 -4.209462418243079185e+01
2.722255123999218540e+01 8.960645970837150287e+01 -1.125057050175552753e+01 1.041568796149164768e+02 -1.606308942860571065e+01 -1.295455832311127779e+03 -4.133378789351739897e+02 -3.810176541431089390e+03 -8.954014236181409387e+02 -4.834784173365509901e+02 -2.119533116330696032e+02 -5.210986263152191356e+01 8.512940098463568006e+01 1.036378104747341098e+02 -5.767824954233823576e+01 2.236180113643971978e+01 -2.218262851281124526e+01
1.286791876084912012e+01 9.833424025028311632e+01 3.905879191816486440e+01 9.568737283963511686e+01 -1.199039686203568493e+02 -8.453590309202056687e+02 -2.850314701419162589e+02 -8.954014236181409387e+02 -3.003087979685175924e+03 -1.937863972546409386e+01 -1.317890394456083243e+02 1.787739530929502152e+01 5.231957150884513297e+00 8.384229682014128571e+01 -3.694542219586220000e+01 -1.593523373038804536e+00 1.179741089626197237e+01
-6.108301850812834743e+01 1.295862776030354837e+02 -4.220494820481438580e+01 4.999814863957740840e+01 -1.765352500769670087e+03 -3.172669998592187994e+02 -1.578514595568321397e+02 -4.834784173365509901e+02 -1.937863972546409386e+01 -4.564799652277866699e+04 -3.079356107370543032e+04 -4.671985434910006006e+03 -4.303980132155856154e+03 -1.375626469570189272e+02 -3.642917640062630085e+02 -4.944634678962923147e+01 1.776121548117036753e+01
1.025751210118711327e+02 1.538986722799066627e+02 -2.779101073275821250e+02 4.141886533121216019e+01 -1.705485119292952049e+03 2.572411255851543643e+01 1.367322416535040830e+01 -2.119533116330696032e+02 -1.317890394456083243e+02 -3.079356107370543032e+04 -3.812523497677893465e+04 -3.354371261552389569e+03 -3.934717772680648977e+03 -3.727537362095640674e+02 -8.922588537443012058e+01 -2.341462394308687465e+02 2.533017131062761962e+02
1.667846932733092444e+02 1.392226176465132426e+02 -1.436168030089782803e+02 2.596416935823418015e+01 -2.030636384337905611e+03 -3.126022659048836871e+01 -1.996426995867894405e+01 -5.210986263152191356e+01 1.787739530929502152e+01 -4.671985434910006006e+03 -3.354371261552389569e+03 -1.008313083764805197e+05 -1.350968880576226547e+04 -1.002937075072962034e+04 -6.470217712494400075e+03 -5.212740645106507600e+02 -3.346621976960594793e+02
8.616601472927514749e+01 2.249451668877339614e+02 -1.576965875923616522e+02 3.383545127346586412e+01 -1.812530802244815277e+03 3.754060443062428476e+01 1.063203219012434353e+01 8.512940098463568006e+01 5.231957150884513297e+00 -4.303980132155856154e+03 -3.934717772680648977e+03 -1.350968880576226547e+04 -6.038519202313157439e+04 -2.158638870651287561e+03 -8.620599890983478417e+02 1.936280147190288972e+02 -3.739844803101486264e+02
1.241986562109681955e+02 8.131044812320186566e+01 -5.604939648641205707e+01 3.610648863392533059e+01 -1.947858459381702914e+03 -8.866608382824384904e+00 -6.590496433830750789e+01 1.036378104747341098e+02 8.384229682014128571e+01 -1.375626469570189272e+02 -3.727537362095640674e+02 -1.002937075072962034e+04 -2.158638870651287561e+03 -1.054366467561250029e+05 -1.045479132483397552e+04 -2.302383955656493072e+03 -5.728272685142048431e+03
5.193991504249095925e+01 1.633337820693934361e+02 -1.315936341309970032e+02 3.782928975546931838e+01 -1.880836211637843689e+03 -1.795054343785063233e+00 1.185672594280055492e+01 -5.767824954233823576e+01 -3.694542219586220000e+01 -3.642917640062630085e+02 -8.922588537443012058e+01 -6.470217712494400075e+03 -8.620599890983478417e+02 -1.045479132483397552e+04 -5.191052833191106038e+04 -2.388707891073809151e+02 -6.454671886148867088e+02
6.379194469422611036e+01 2.274829520520916901e+02 -1.117105122131177808e+02 3.098175188240377409e+01 -1.984455411818029233e+03 -1.804736018763639294e+01 2.464557142591435124e+01 2.236180113643971978e+01 -1.593523373038804536e+00 -4.944634678962923147e+01 -2.341462394308687465e+02 -5.212740645106507600e+02 1.936280147190288972e+02 -2.302383955656493072e+03 -2.388707891073809151e+02 -8.608949338352440100e+04 -1.443765711818416094e+04
1.099308938670011315e+02 8.112654444359790773e+01 -1.227324605008061411e+02 2.131826914705278853e+01 -2.013458675492283646e+03 2.537602114339890846e+01 -4.209462418243079185e+01 -2.218262851281124526e+01 1.179741089626197237e+01 1.776121548117036753e+01 2.533017131062761962e+02 -3.346621976960594793e+02 -3.739844803101486264e+02 -5.728272685142048431e+03 -6.454671886148867088e+02 -1.443765711818416094e+04 -1.099445515681444376e+05
