-2.212094921919971000e+02 2.544074250222360778e+00 4.134285705296679048e+00 3.676010740388076514e-01 -1.947477488244786781e-01 2.468646514552870741e+01 3.038109410760799634e+01 3.780631127998628926e+01 3.888797392524949004e+01 3.107748598741335044e+01 3.342319286019734648e+01 4.608118553670283291e+01 1.088397766481401518e+01 1.697849536901289014e+02 4.236148291279687328e+01 4.566752703391326662e+01 4.677401772199557684e+01
2.544074250222360778e+00 -9.520266163569932871e+01 4.278817997399468886e-01 -9.371043500295647699e-02 3.229443919045207889e-02 3.778571627938989508e+01 3.079183629937097777e+01 2.812788098181170682e+01 2.072309210871430807e+01 5.792033700231628757e+01 4.499096621439665000e+01 3.217235773293350576e+01 2.479001791126778542e+01 1.451581127419457573e+02 1.856184856657753457e+01 3.625539424741772621e+01 5.761952889127807964e+01
4.134285705296679048e+00 4.278817997399468886e-01 -1.228027688214858273e+02 8.889099421470460227e-02 3.163475793234228617e-02 -3.372108234258705295e+01 -2.081178098685868960e+01 -4.746932804439026654e+01 3.977134779434023493e+00 -1.294157776599383851e+02 -6.342665022745693193e+01 6.293083360784799396e+01 -6.735045340260968771e+01 -6.262061954571235844e+01 -3.000702863241242113e+01 -3.429627330489204695e+01 -6.684383553811930767e+01
3.676010740388076514e-01 -9.371043500295647699e-02 8.889099421470460227e-02 -1.709119496024874840e-01 -1.061894590124327952e-03 4.192031903245431734e-01 9.079539466955016680e-01 1.241490968379572513e+00 6.742060296681808840e-01 -5.329415879208130313e-01 7.110493527338004327e-01 -3.468608487595423728e-01 1.672869741639926300e+00 -2.635399267534082934e+00 1.528859985762113682e+00 -1.260506037588930317e+00 8.861520415501867864e-01
-1.947477488244786781e-01 3.229443919045207889e-02 3.163475793234228617e-02 -1.061894590124327952e-03 -7.138618959654907670e-01 1.326452323841174596e+01 -7.379098509443727139e+00 -1.791996810879733815e+01 -1.861602735825302801e+01 -3.707376143983810834e+01 -2.191724304989695682e+01 -5.115487879823740514e+01 -4.579212570655447223e+01 -4.766998461578123170e+01 -4.526180871808277573e+01 -5.228257716620631612e+01 -3.686796702507734125e+01
2.468646514552870741e+01 3.778571627938989508e+01 -3.372108234258705295e+01 4.192031903245431734e-01 1.326452323841174596e+01 -4.411537247078812470e+03 -2.785190805628005819e+03 -4.302917793454221851e+02 -8.084654560581444684e+02 -3.016431633645941019e+02 2.383431633929380382e+02 -2.346387235509525908e+02 6.412343667271012748e+01 -6.457455975365335235e+02 2.858394473472029418e+01 6.573801103308521476e+01 -4.169285142271287015e+01
3.038109410760799634e+01 3.079183629937097777e+01 -2.081178098685868960e+01 9.079539466955016680e-01 -7.379098509443727139e+00 -2.785190805628005819e+03 -4.240493463213918403e+03 -4.309862056946289499e+01 -5.924578172580860382e+02 3.781168723731237264e+02 -1.033091319910322170e+02 1.208215765772084183e+02 -5.987475137882173115e+00 -3.191424306206100070e+01 -4.723962647151098260e+00 4.212276320231141291e+00 -7.022962347802964800e+00
3.780631127998628926e+01 2.812788098181170682e+01 -4.746932804439026654e+01 1.241490968379572513e+00 -1.791996810879733815e+01 -4.302917793454221851e+02 -4.309862056946289499e+01 -1.144601107834334289e+04 -3.992539869584548342e+03 -3.433121340550375862e+03 -1.531183834973687965e+02 2.776422701575640986e+02 -7.002850371013010999e+02 2.878549175271081367e+03 -5.198032388607472285e+02 9.062335015382196843e+02 -4.767913021661884159e+02
3.888797392524949004e+01 2.072309210871430807e+01 3.977134779434023493e+00 6.742060296681808840e-01 -1.861602735825302801e+01 -8.084654560581444684e+02 -5.924578172580860382e+02 -3.992539869584548342e+03 -1.415833345970606570e+04 -2.193026411126554649e+03 -1.273724185642655726e+02 2.721048538769342144e+02 -3.953099608656548867e+02 2.588820949912768356e+03 -2.334519987315118783e+02 1.657179345486495379e+02 -4.017134926129499206e+01
3.107748598741335044e+01 5.792033700231628757e+01 -1.294157776599383851e+02 -5.329415879208130313e-01 -3.707376143983810834e+01 -3.016431633645941019e+02 3.781168723731237264e+02 -3.433121340550375862e+03 -2.193026411126554649e+03 -4.018999672342908161e+04 -1.637021285509486188e+04 -4.614576477226179122e+03 -3.060594625456883932e+03 1.573493465673166065e+04 -2.832494223817822331e+03 9.738331231754325472e+02 1.461911472357777711e+03
3.342319286019734648e+01 4.499096621439665000e+01 -6.342665022745693193e+01 7.110493527338004327e-01 -2.191724304989695682e+01 2.383431633929380382e+02 -1.033091319910322170e+02 -1.531183834973687965e+02 -1.273724185642655726e+02 -1.637021285509486188e+04 -2.438290477032539638e+04 -4.356118880052010354e+03 4.571781125798555081e+02 3.420816807552938599e+02 -2.240436468677467019e+02 -1.179615822709620488e+03 1.354310881228391281e+03
4.608118553670283291e+01 3.217235773293350576e+01 6.293083360784799396e+01 -3.468608487595423728e-01 -5.115487879823740514e+01 -2.346387235509525908e+02 1.208215765772084183e+02 2.776422701575640986e+02 2.721048538769342144e+02 -4.614576477226179122e+03 -4.356118880052010354e+03 -1.044146105497332028e+05 -1.578515120499662407e+04 -1.809704480649063771e+04 -2.120425955368658379e+03 -6.293129465929120670e+03 3.328002750154444584e+03
1.088397766481401518e+01 2.479001791126778542e+01 -6.735045340260968771e+01 1.672869741639926300e+00 -4.579212570655447223e+01 6.412343667271012748e+01 -5.987475137882173115e+00 -7.002850371013010999e+02 -3.953099608656548867e+02 -3.060594625456883932e+03 4.571781125798555081e+02 -1.578515120499662407e+04 -4.863681151858390513e+04 -1.963738381455559283e+04 2.736523827303429243e+03 -2.320787368509236330e+03 -5.854091611342582837e+02
1.697849536901289014e+02 1.451581127419457573e+02 -6.262061954571235844e+01 -2.635399267534082934e+00 -4.766998461578123170e+01 -6.457455975365335235e+02 -3.191424306206100070e+01 2.878549175271081367e+03 2.588820949912768356e+03 1.573493465673166065e+04 3.420816807552938599e+02 -1.809704480649063771e+04 -1.963738381455559283e+04 -1.897921410990303557e+05 -1.600499090035145127e+04 -1.264361316143828844e+04 -1.100715077241074141e+04
4.236148291279687328e+01 1.856184856657753457e+01 -3.000702863241242113e+01 1.528859985762113682e+00 -4.526180871808277573e+01 2.858394473472029418e+01 -4.723962647151098260e+00 -5.198032388607472285e+02 -2.334519987315118783e+02 -2.832494223817822331e+03 -2.240436468677467019e+02 -2.120425955368658379e+03 2.736523827303429243e+03 -1.600499090035145127e+04 -3.462099459417219623e+04 3.252523291054486094e+02 -2.088254004277165222e+03
4.566752703391326662e+01 3.625539424741772621e+01 -3.429627330489204695e+01 -1.260506037588930317e+00 -5.228257716620631612e+01 6.573801103308521476e+01 4.212276320231141291e+00 9.062335015382196843e+02 1.657179345486495379e+02 9.738331231754325472e+02 -1.179615822709620488e+03 -6.293129465929120670e+03 -2.320787368509236330e+03 -1.264361316143828844e+04 3.252523291054486094e+02 -8.301938235280370282e+04 -4.706647860948548441e+03
4.677401772199557684e+01 5.761952889127807964e+01 -6.684383553811930767e+01 8.861520415501867864e-01 -3.686796702507734125e+01 -4.169285142271287015e+01 -7.022962347802964800e+00 -4.767913021661884159e+02 -4.017134926129499206e+01 1.461911472357777711e+03 1.354310881228391281e+03 3.328002750154444584e+03 -5.854091611342582837e+02 -1.100715077241074141e+04 -2.088254004277165222e+03 -4.706647860948548441e+03 -7.383078966620056599e+04
