      7    594

kudriavzeviiYER102W             ATG GGT ATT TCT CGT GAT TCT CGT CAC AAA AGA TCG GCC ACA GGT GCT AAA CGT GCT CAA TTC AGA AAG AAG AGA AAG TTC GAA TTA GGT CGT CAA CCA GCC AAC ACC AAG ATC GGC GCT AAG AGA ATC CAC TCT GTC AGA ACT AGA GGT GGC AAC AAA AAA TAC AGA GCT CTA AGA ATT GAA ACT GGT AAC TTT TCC TGG GCT TCC GAG GGT ATT TCC AAG AAG ACC AGA ATT GCT GGT GTC GTG TAC CAC CCA TCT AAC AAT GAA TTG GTC AGA ACC AAC ACT TTG ACC AAG GCT GCC GTC GTT CAA ATT GAT GCT ACT CCA TTC AAA CAA TGG TTC GAA GCT CAC TAC GGT CAA ACT TTG GGT AAG AAG AAT GCC AAG GAG GAA GAA ACA GTT TCC AAG AGC AAA AAC GCT GAA AGA AAA TGG GCC GCT AGA GCT GCT TCT GCC AAG ATC GAG TCT TCC GTC GAA TCC CAA TTC AGT GCC GGT AGA TTA TAC GCT TGT ATT TCT TCC AGA CCA GGT CAG TCC GGT AGA TGT GAT GGT TAC ATT TTG GAA GGT GAA GAA CTA GCT TTC TAC TTA AGA AGA TTG ACT GCC AAG 
bayanusYER102W                  ATG GGT ATT TCT CGT GAC TCT CGT CAT AAA AGA TCA GCC ACT GGT GCT AAA CGT GCT CAA TTC AGA AAG AAG AGA AAG TTT GAA TTG GGT CGT CAA CCA GCC AAC ACC AAG ATC GGT GCT AAG AGA ATC CAC TCT GTC AGA ACC AGA GGT GGT AAC AAG AAA TAC AGA GCC TTA AGA ATC GAA ACT GGT AAC TTC TCC TGG GCT TCC GAA GGT ATC TCC AAG AAG ACC AGA ATC GCT GGT GTC GTT TAC CAT CCA TCC AAC AAT GAA TTG GTC AGA ACC AAC ACT TTG ACC AAG GCT GCC GTT GTT CAA ATT GAT GCT ACT CCA TTC AAG CAA TGG TTC GAA GCT CAT TAC GGC CAA TCT TTG GGT AAG AAG AAC TCC AAG GAA GAA GAA ACC GTT GTC AAG ACC AAG AAC GCT GAA AGA AAG TGG GCT GCT AGA GCT GCC TCT GCC AAG ATT GAA TCT TCT GTT GAA TCT CAA TTC AGT GCT GGT AGA CTA TAC GCT TGT ATC TCT TCC AGA CCA GGC CAA TCC GGT AGA TGT GAT GGT TAC ATT TTG GAA GGT GAA GAA TTA GCT TTC TAC TTG AGA AGA TTG ACT GCT AAG 
mikataeYER102W                  ATG GGT ATT TCT CGT GAT TCT CGT CAC AAA AGA TCA GCC ACC GGT GCT AAA CGT GCT CAA TTC AGA AAG AAG AGA AAG TTT GAA TTA GGC CGT CAA CCA GCC AAC ACC AAA ATT GGT GCT AAA AGA ATC CAC TCC GTC AGA ACC AGA GGT GGT AAC AAG AAA TAC AGA GCT TTA AGA ATT GAA ACC GGT AAC TTT TCC TGG GCT TCT GAA GGT ATC TCC AAG AAG ACC AGA ATT GCC GGT GTC GTC TAC CAT CCA TCC AAC AAC GAA TTG GTC AGA ACC AAC ACT TTA ACC AAG GCT GCC ATC GTT CAA ATT GAT GCT ACT CCA TTC AGA CAA TGG TTC GAA GCT CAT TAC GGT CAA ACC TTA GGT AAG AAG AAC GCC AAG GAA GAA GAA ACT GTT GCC AAG AGC AAG AAT GCT GAA AGA AAG TGG GCT GCT AGA GCT GCT TCT GCC AAG ATT GAA TCT TCT GTT GAA TCT CAA TTC AGC GCC GGT AGA TTA TAC GCT TGT ATC TCT TCC AGA CCA GGT CAA TCC GGT AGA TGT GAT GGT TAC ATC TTG GAA GGT GAA GAA TTA GCT TTC TAC TTG AGA AGA TTG ACT GCT AAG 
castelliiYER102W                ATG GGT ATT TCT CGT GAT TCT CGT CAC AAA AGA TCA GCC ACC GGT GCT AAG CGT GCT CAA TTC AGA AAG AAG AGA AAG TTT GAA TTA GGT CGT CAA CCA GCT AAC ACT AAG ATT GGT GGT AAG AGA ATT CAC ACT GTC AGA ACC AGA GGT GGT AAC AAG AAG TTC AGA GCT TTA AGA ATT GAA ACT GGT AAC TTC TCT TGG GCT TCC GAA GGT GTT GCT AAG AAG ACC AGA ATT GCT GGT GTC GTT TAC CAT CCA TCC AAC AAT GAA TTG GTT AGA ACT AAC ACT TTG ACT AAG GCT GCC GTT GTT CAA ATT GAT GCT ACT CCA TTC AAG CAA TGG TAC GAA TCT CAC TAC GGT CAA AAT TTA GGT AAG AAG AAC ACC AAG GAT GCT GCT GAA ATT GTT AAG ACT AAG AAC TCT GAA AAG AAG TGG GCT GCT AGA GCT GCT TCT GCC AAG ACT GAA TCT TCT GTT GAA TCT CAA TTC GGT GCT GGT AGA TTA TAT GCC GTT ATC TCT TCC AGA CCA GGT CAA TCT GGT AGA TGT GAT GGT TAC ATC TTG GAA GGT GAA GAA TTA GCT TTC TAC TTG AGA AGA TTG ACT GCT AAG 
kluyveriYER102W                 ATG GGT ATT TCT CGT GAT TCT CGT CAC AAA AGA GCT GCT ACC GGT GCT AAA CGT GCT CAA TTC AGA AAG AAG AGA AAG TTT GAA TTA GGC CGT CAA CCA GCC AAC ACC AAG ATT GGT GGT AAG AGA ATT CAC ACT GTT AGA ACC AGA GGT GGT AAC AAG AAG TTC AGA GCT TTG AGA ATC GAA ACC GGT AAC TTC TCT TGG GCT TCT GAG GGT GTC TCC AGA AAG ACC AGA ATT GCT GGT GTC GTC TAC CAT CCA TCT AAC AAT GAA TTG GTT AGA ACC AAC ACC TTG ACC AAG GCT GCT ATT GTC CAA ATC GAT GCT ACT CCA TTC AAG CAA TGG TAC GAA GCT CAC TAC GGT CAA GCC TTG GGT AAG AAG AAC GTT AAG GAA GAA GAA ACT GTC GCT AAG TCT AGA AAC GCT GAA AGA AAG TGG GCT GCT AGA TCT GCT GAC GCC AAG ATC GAA CAC GCT GTC GAA TCT CAA TTT GGT GCT GGT AGA TTG TAC GCT TGT ATC TCT TCC AGA CCA GGT CAA TCC GGT AGA TGT GAC GGT TAC ATC TTG GAA GGT GAA GAA TTG GCC TTC TAC TTG AGA AGA TTG ACT GCT AAG 
cerevisiaeYER102W               ATG GGT ATT TCT CGT GAT TCT CGT CAC AAA AGA TCA GCC ACT GGT GCT AAA CGT GCT CAA TTC AGA AAG AAG AGA AAG TTC GAA TTA GGT CGT CAA CCA GCC AAC ACA AAA ATT GGT GCT AAG AGA ATC CAC TCT GTC AGA ACT AGA GGT GGT AAC AAG AAA TAC AGA GCT CTA AGA ATT GAA ACC GGT AAC TTT TCT TGG GCT TCT GAA GGT ATC TCC AAG AAG ACC AGA ATT GCT GGT GTT GTT TAC CAT CCA TCC AAC AAT GAA TTG GTT AGA ACT AAC ACT TTG ACC AAG GCT GCC ATT GTC CAA ATT GAT GCT ACT CCA TTC AGA CAA TGG TTC GAA GCT CAC TAC GGT CAA ACC TTG GGT AAG AAG AAC GTC AAG GAA GAA GAA ACT GTT GCC AAG AGC AAG AAC GCT GAA AGA AAG TGG GCT GCT AGA GCT GCT TCT GCC AAG ATC GAA TCT TCC GTT GAA TCT CAA TTC AGC GCC GGT AGA TTA TAC GCT TGT ATC TCT TCC AGA CCA GGT CAA TCC GGT AGA TGT GAT GGT TAC ATC TTG GAA GGT GAA GAA TTA GCT TTC TAC CTA AGA AGA TTG ACT GCT AAG 
paradoxusYER102W                ATG GGT ATT TCT CGT GAT TCT CGT CAC AAA AGA TCA GCC ACT GGT GCT AAA CGT GCT CAA TTC AGA AAG AAG AGA AAG TTC GAA TTA GGT CGT CAA CCA GCC AAC ACA AAA ATT GGT GCT AAG AGA ATC CAC TCT GTC AGA ACT AGA GGT GGT AAC AAG AAA TAC AGA GCT CTA AGA ATT GAA ACC GGT AAC TTT TCT TGG GCT TCT GAA GGT ATT TCC AAG AAG ACC AGA ATT GCT GGT GTT GTT TAC CAT CCA TCC AAC AAT GAA TTG GTT AGA ACT AAC ACT TTG ACC AAG GCT GCC ATT GTC CAA ATT GAT GCC ACT CCA TTC AGA CAA TGG TTC GAA GCT CAT TAC GGT CAA ACC TTG GGT AAG AAG AAC GCC AAG GAA GAA GAA ACT ATT GCC AAG AGC AAG AAC GCT GAA AGA AAA TGG GCT GCT AGA GCT GCT TCT GCA AAG ATC GAA TCT TCC GTT GAA TCT CAA TTC AGC GCC GGT AGA TTA TAC GCT TGT ATC TCC TCC AGA CCA GGT CAA TCC GGT AGA TGT GAT GGT TAC ATC TTG GAA GGT GAA GAA TTA GCT TTC TAC TTA AGA AGA TTG ACT GCT AAG 



Printing out site pattern counts


         7        354  P

kudriavzeviiYER102W             AAA AAA AAA AAA AAA AAA AAA AAC AAC AAG AAG AAG AAG AAT AAT ACA ACA ACC ACC ACC ACC ACT ACT ACT ACT ACT AGA AGA AGC AGT ATC ATC ATC ATG ATT ATT ATT ATT ATT ATT ATT CAA CAC CAC CAC CAC CAG CCA CGT CTA CTA GAA GAA GAG GAG GAG GAT GAT GAT GCC GCC GCC GCC GCC GCC GCT GCT GCT GCT GCT GCT GCT GCT GCT GGC GGT GGT GGT GTC GTC GTC GTC GTC GTG GTT GTT TAC TAC TAC TCC TCC TCC TCC TCC TCC TCC TCC TCG TCT TCT TCT TCT TCT TCT TGG TGT TGT TTA TTA TTA TTC TTC TTC TTC TTG TTG TTG TTT 
bayanusYER102W                  ... ... ... ..G ..G ..G ..G ... ... ... ... ... ... ..C ... ..C ..T ... ... ... ... ..C ... ... ... T.. ... ... .C. ... ... ... ..T ... ..C ..C ..C ..C ... ... ... ... ... ..T ..T ..T ..A ... ... T.. T.. ... ... ..A ..A ..A ..C ... ... ... ... ... ..T ..T T.. ..C ... ... ... ... ... ... ... ... ..T ..C ... ... ... ... ... ..T ..T ..T ... ... ... ... ... GT. ... ... ... ... ... ..T ..T ..A ..C ... ... ... ... ... ... ... ... C.. ..G ..G ... ... ... ..T ... ... ... ..C 
mikataeYER102W                  ... ... ... ..G ..G ..G .G. ... ..T ..A ..A ... ... ..C ..C ..T ..C ... ... ... ... ..C ..C ... ... ..C ... ... ... ..C ... ..T ..T ... ..C ..C ... ... ..C ... ... ... ... ... ..T ..T ..A ... ... T.. T.. ... ... ..A ..A ..A ... ... ... ... ... ... ... ..T ... ... ..C ... ... ... ... ... ... ... ..T ... ..C ... ... ... ... A.. ..T ..C ... ... ... ... ... G.. ... ... ... ... ..T ..T ..T ..A ..C ..C ... ... ... ... ... ... ... ... ... ..G ... ... ... ..T ..A ..A ... ... 
castelliiYER102W                ... ..G ..G ..G ..G ..G ..G ... ... ... ... ... ... ..C ... GA. ..C ... ..T ..T ..T ..C ... ... ... .A. .AG ... .CT G.. ..T ..T .CT ... ..C G.. ... ... ..C ... ... ... ... ... ... ..T ..A ... ... T.. T.. ... .CT ..A ..A ..T ... ... ... ... ... ..T ..T ..T A.. ... ... ..C ... ... ... ... .G. T.. ..T ... ... ... ... ... ..T ..T ..T ..T A.. ... ... ..T .T. GTT G.T ... ..T ..T ... ..T ..T ..A ..C A.. ... ... ... ... ... GT. ... ... ... ..G .A. ... ... ..T ..A ... ... ..C 
kluyveriYER102W                 ... ... ..G ..G ..G .G. ..G ... ... ... ... ... .GA ..C ... ..T ..C ... ... ... ... ..C ..C ..C ... G.C ... ... TCT G.. ..T ..T ... ... ..C G.C ..C ... ..C ..C ... ... ... ... ... ..T ..A ... ... T.G T.G ... ... ..A ... ..A ... ..C ... ... ..T ... ..T ..T .TT ... ... ... ..C ... ... T.. .G. ... ..T ... ..C ... ... ..T ..T A.T ... ..C ..C ..C ... ... .T. G.T ... ... ... ..T ..T G.T ..T G.T ... A.. CAC GAC ... ... ... ... ... ..G ... ..G .A. ... ..T ..T ... ... ... ..C 
cerevisiaeYER102W               ... ... ... ..G ..G ..G .G. ... ... ..A ... ... ... ..C ... ..T ..T ... ..A ... ..T ... ..C ... ... ..C ... ... ... ..C ... ..T ... ... ..C ..C ... ... ..C ... ... ... ... ... ... ..T ..A ... ... ... T.. ... ... ..A ..A ..A ... ... ... ... ... ... ... ..T .T. ... ... ... ... ... ... ... ... ... ..T ... ... ... ..T ... ..T A.T ..T ..T ... ..C ... ... ... G.. ... ... ... ..T ..T ... ..T ..A ..C ... ... ... ... ... ... ... ... ... ... C.. ... ... ... ... ... ... ... ... 
paradoxusYER102W                ... ... ... ... ..G ..G .G. ... ... ..A ... ... ... ..C ... ..T ..T ... ..A ... ..T ... ..C ... ... ..C ... ... ... ..C ... ..T ... ... ..C ... ... ... ..C ... ... ... ... ... ..T ..T ..A ... ... ... T.. ... ... ..A ..A ..A ... ... ... ..A ... ... ... ..T ... ... ... ... ... ..C ... ... ... ... ..T ... ... ... ..T ... ..T A.T ..T ..T A.. ..C ... ... ... G.. ... ... ... ..T ..T ... ..T ..A ..C ... ... ... ..C ... ... ... ... ... ... ... ... ... ... ... ... ... ... ... 

    1    1    1    1    1    1    1    5    1    1    1   11    1    1    1
    1    1    1    1    1    1    1    1    1    2    1    1   16    1    1
    1    1    1    1    1    1    1    1    1    1    1    6    1    1    1
    1    1    4    4    1    1    9    2    1    1    1    1    1    1    1
    2    1    1    2    1    2    1    1    1    1    5    1    1    2    2
    2    1   11    1    1    1    1    1    1    1    1    4    1    1    1
    1    1    1    1    1    1    1    1    1    1    1    1    1    2    3
    1    1    1    1    1    1    3    1    1    1    1    3    1

CODONML (in paml version 4.8a, August 2014)  /Users/xji3/Genconv/IdenticalParalogAlignment/YER102W_YBL072C/YER102W_YBL072C_IdenticalParalog_paml_input.fasta
Model: One dN/dS ratio for branches, 
Codon frequency model: F1x4MG
ns =   7  ls = 198

Codon usage in sequences
--------------------------------------------------------------------------------------------------------------------------------------
Phe TTT   1   1   2   1   2   1 | Ser TCT   7   9   8  11   9   9 | Tyr TAT   0   0   0   1   0   0 | Cys TGT   2   2   2   1   2   2
    TTC   6   6   5   6   5   6 |     TCC   8   7   6   3   3   5 |     TAC   6   6   6   5   6   6 |     TGC   0   0   0   0   0   0
Leu TTA   3   2   6   5   1   3 |     TCA   0   1   1   1   0   1 | *** TAA   0   0   0   0   0   0 | *** TGA   0   0   0   0   0   0
    TTG   5   7   4   5   9   5 |     TCG   1   0   0   0   0   0 |     TAG   0   0   0   0   0   0 | Trp TGG   3   3   3   3   3   3
--------------------------------------------------------------------------------------------------------------------------------------
Leu CTT   0   0   0   0   0   0 | Pro CCT   0   0   0   0   0   0 | His CAT   0   3   2   1   1   1 | Arg CGT   4   4   4   4   4   4
    CTC   0   0   0   0   0   0 |     CCC   0   0   0   0   0   0 |     CAC   4   1   2   3   4   3 |     CGC   0   0   0   0   0   0
    CTA   2   1   0   0   0   2 |     CCA   4   4   4   4   4   4 | Gln CAA   6   7   7   7   7   7 |     CGA   0   0   0   0   0   0
    CTG   0   0   0   0   0   0 |     CCG   0   0   0   0   0   0 |     CAG   1   0   0   0   0   0 |     CGG   0   0   0   0   0   0
--------------------------------------------------------------------------------------------------------------------------------------
Ile ATT   7   4   6   7   5   6 | Thr ACT   6   5   4  10   4   7 | Asn AAT   2   1   1   2   1   1 | Ser AGT   1   1   0   0   0   0
    ATC   3   6   5   2   5   5 |     ACC   4   7   8   4   8   4 |     AAC   6   7   7   7   7   7 |     AGC   1   0   2   0   0   2
    ATA   0   0   0   0   0   0 |     ACA   2   0   0   0   0   1 | Lys AAA   7   3   5   1   2   4 | Arg AGA  17  17  18  16  19  18
Met ATG   1   1   1   1   1   1 |     ACG   0   0   0   0   0   0 |     AAG  14  18  15  21  17  16 |     AGG   0   0   0   0   0   0
--------------------------------------------------------------------------------------------------------------------------------------
Val GTT   2   5   3   8   3   5 | Ala GCT  15  16  16  18  20  17 | Asp GAT   3   2   3   4   2   3 | Gly GGT  14  14  15  18  17  16
    GTC   5   4   4   2   6   3 |     GCC   8   6   8   4   4   6 |     GAC   0   1   0   0   2   0 |     GGC   2   2   1   0   1   0
    GTA   0   0   0   0   0   0 |     GCA   0   0   0   0   0   0 | Glu GAA  11  14  14  12  13  14 |     GGA   0   0   0   0   0   0
    GTG   1   0   0   0   0   0 |     GCG   0   0   0   0   0   0 |     GAG   3   0   0   0   1   0 |     GGG   0   0   0   0   0   0
--------------------------------------------------------------------------------------------------------------------------------------

------------------------------------------------------
Phe TTT   1 | Ser TCT   8 | Tyr TAT   0 | Cys TGT   2
    TTC   6 |     TCC   6 |     TAC   6 |     TGC   0
Leu TTA   4 |     TCA   1 | *** TAA   0 | *** TGA   0
    TTG   5 |     TCG   0 |     TAG   0 | Trp TGG   3
------------------------------------------------------
Leu CTT   0 | Pro CCT   0 | His CAT   2 | Arg CGT   4
    CTC   0 |     CCC   0 |     CAC   2 |     CGC   0
    CTA   1 |     CCA   4 | Gln CAA   7 |     CGA   0
    CTG   0 |     CCG   0 |     CAG   0 |     CGG   0
------------------------------------------------------
Ile ATT   8 | Thr ACT   7 | Asn AAT   1 | Ser AGT   0
    ATC   4 |     ACC   4 |     AAC   7 |     AGC   2
    ATA   0 |     ACA   1 | Lys AAA   5 | Arg AGA  18
Met ATG   1 |     ACG   0 |     AAG  15 |     AGG   0
------------------------------------------------------
Val GTT   4 | Ala GCT  16 | Asp GAT   3 | Gly GGT  16
    GTC   2 |     GCC   7 |     GAC   0 |     GGC   0
    GTA   0 |     GCA   1 | Glu GAA  14 |     GGA   0
    GTG   0 |     GCG   0 |     GAG   0 |     GGG   0
------------------------------------------------------

Codon position x base (3x4) table for each sequence.

#1: kudriavzeviiYER102W
position  1:    T:0.21212    C:0.10606    A:0.35859    G:0.32323
position  2:    T:0.18182    C:0.27778    A:0.31818    G:0.22222
position  3:    T:0.32323    C:0.26768    A:0.26263    G:0.14646
Average         T:0.23906    C:0.21717    A:0.31313    G:0.23064

#2: bayanusYER102W 
position  1:    T:0.22222    C:0.10101    A:0.35354    G:0.32323
position  2:    T:0.18687    C:0.27778    A:0.31818    G:0.21717
position  3:    T:0.33838    C:0.26768    A:0.24747    G:0.14646
Average         T:0.24916    C:0.21549    A:0.30640    G:0.22896

#3: mikataeYER102W 
position  1:    T:0.21717    C:0.09596    A:0.36364    G:0.32323
position  2:    T:0.18182    C:0.27778    A:0.31313    G:0.22727
position  3:    T:0.33333    C:0.27273    A:0.27778    G:0.11616
Average         T:0.24411    C:0.21549    A:0.31818    G:0.22222

#4: castelliiYER102W
position  1:    T:0.21212    C:0.09596    A:0.35859    G:0.33333
position  2:    T:0.18687    C:0.27778    A:0.32323    G:0.21212
position  3:    T:0.43434    C:0.18182    A:0.23232    G:0.15152
Average         T:0.27778    C:0.18519    A:0.30471    G:0.23232

#5: kluyveriYER102W
position  1:    T:0.20202    C:0.10101    A:0.34848    G:0.34848
position  2:    T:0.18687    C:0.26263    A:0.31818    G:0.23232
position  3:    T:0.35354    C:0.25758    A:0.23232    G:0.15657
Average         T:0.24747    C:0.20707    A:0.29966    G:0.24579

#6: cerevisiaeYER102W
position  1:    T:0.20707    C:0.10606    A:0.36364    G:0.32323
position  2:    T:0.18687    C:0.27273    A:0.31313    G:0.22727
position  3:    T:0.36364    C:0.23737    A:0.27273    G:0.12626
Average         T:0.25253    C:0.20539    A:0.31650    G:0.22559

#7: paradoxusYER102W
position  1:    T:0.21212    C:0.10101    A:0.36869    G:0.31818
position  2:    T:0.18182    C:0.27778    A:0.31313    G:0.22727
position  3:    T:0.36364    C:0.23232    A:0.28283    G:0.12121
Average         T:0.25253    C:0.20370    A:0.32155    G:0.22222

Sums of codon usage counts
------------------------------------------------------------------------------
Phe F TTT       9 | Ser S TCT      61 | Tyr Y TAT       1 | Cys C TGT      13
      TTC      40 |       TCC      38 |       TAC      41 |       TGC       0
Leu L TTA      24 |       TCA       5 | *** * TAA       0 | *** * TGA       0
      TTG      40 |       TCG       1 |       TAG       0 | Trp W TGG      21
------------------------------------------------------------------------------
Leu L CTT       0 | Pro P CCT       0 | His H CAT      10 | Arg R CGT      28
      CTC       0 |       CCC       0 |       CAC      19 |       CGC       0
      CTA       6 |       CCA      28 | Gln Q CAA      48 |       CGA       0
      CTG       0 |       CCG       0 |       CAG       1 |       CGG       0
------------------------------------------------------------------------------
Ile I ATT      43 | Thr T ACT      43 | Asn N AAT       9 | Ser S AGT       2
      ATC      30 |       ACC      39 |       AAC      48 |       AGC       7
      ATA       0 |       ACA       4 | Lys K AAA      27 | Arg R AGA     123
Met M ATG       7 |       ACG       0 |       AAG     116 |       AGG       0
------------------------------------------------------------------------------
Val V GTT      30 | Ala A GCT     118 | Asp D GAT      20 | Gly G GGT     110
      GTC      26 |       GCC      43 |       GAC       3 |       GGC       6
      GTA       0 |       GCA       1 | Glu E GAA      92 |       GGA       0
      GTG       1 |       GCG       0 |       GAG       4 |       GGG       0
------------------------------------------------------------------------------


Codon position x base (3x4) table, overall

position  1:    T:0.21212    C:0.10101    A:0.35931    G:0.32756
position  2:    T:0.18470    C:0.27489    A:0.31674    G:0.22367
position  3:    T:0.35859    C:0.24531    A:0.25830    G:0.13781
Average         T:0.25180    C:0.20707    A:0.31145    G:0.22968

Codon frequencies under model, for use in evolver (TTT TTC TTA TTG ... GGG):
  0.01699286  0.01397407  0.02101791  0.01549969
  0.01397407  0.01149157  0.01728407  0.01274616
  0.02101791  0.01728407  0.00000000  0.00000000
  0.01549969  0.01274616  0.00000000  0.01413773
  0.01397407  0.01149157  0.01728407  0.01274616
  0.01149157  0.00945009  0.01421354  0.01048180
  0.01728407  0.01421354  0.02137809  0.01576531
  0.01274616  0.01048180  0.01576531  0.01162616
  0.02101791  0.01728407  0.02599636  0.01917106
  0.01728407  0.01421354  0.02137809  0.01576531
  0.02599636  0.02137809  0.03215404  0.02371206
  0.01917106  0.01576531  0.02371206  0.01748650
  0.01549969  0.01274616  0.01917106  0.01413773
  0.01274616  0.01048180  0.01576531  0.01162616
  0.01917106  0.01576531  0.02371206  0.01748650
  0.01413773  0.01162616  0.01748650  0.01289545



Nei & Gojobori 1986. dN/dS (dN, dS)
(Note: This matrix is not used in later ML. analysis.
Use runmode = -2 for ML pairwise comparison.)

kudriavzeviiYER102W 
bayanusYER102W       0.0275 (0.0111 0.4039)
mikataeYER102W       0.0159 (0.0066 0.4181) 0.0491 (0.0133 0.2716)
castelliiYER102W     0.1198 (0.0574 0.4787) 0.1888 (0.0538 0.2849) 0.1915 (0.0609 0.3180)
kluyveriYER102W      0.0797 (0.0478 0.5998) 0.1048 (0.0478 0.4559) 0.1115 (0.0454 0.4073) 0.1828 (0.0705 0.3858)
cerevisiaeYER102W    0.0266 (0.0089 0.3342) 0.0518 (0.0156 0.3016) 0.0109 (0.0022 0.2032) 0.2145 (0.0634 0.2953) 0.1096 (0.0431 0.3932)
paradoxusYER102W     0.0256 (0.0089 0.3468) 0.0465 (0.0156 0.3354) 0.0095 (0.0022 0.2326) 0.1780 (0.0585 0.3287) 0.1043 (0.0478 0.4579) 0.0858 (0.0044 0.0516)


TREE #  1:  ((((((6, 7), 3), 1), 2), 4), 5);   MP score: 163
This is a rooted tree.  Please check!
lnL(ntime: 12  np: 17):  -1590.369867      +0.000000
   8..9     9..10   10..11   11..12   12..13   13..6    13..7    12..3    11..1    10..2     9..4     8..5  
 0.112637 0.070156 0.029049 0.039411 0.063139 0.012302 0.035229 0.066635 0.183736 0.096433 0.203705 0.139539 6.266081 1.422763 1.029582 1.482989 0.122998
SEs for parameters:
 1061427.775324 0.027818 0.019515 0.020413 0.025018 0.010245 0.014920 0.023066 0.040679 0.028918 0.038784 1061427.779653 1.441873 0.222481 0.116720 0.182314 0.030153

Note: Branch length is defined as number of nucleotide substitutions per codon (not per neucleotide site).

tree length =   1.05197

((((((6: 0.012302, 7: 0.035229): 0.063139, 3: 0.066635): 0.039411, 1: 0.183736): 0.029049, 2: 0.096433): 0.070156, 4: 0.203705): 0.112637, 5: 0.139539);

((((((cerevisiaeYER102W: 0.012302, paradoxusYER102W: 0.035229): 0.063139, mikataeYER102W: 0.066635): 0.039411, kudriavzeviiYER102W: 0.183736): 0.029049, bayanusYER102W: 0.096433): 0.070156, castelliiYER102W: 0.203705): 0.112637, kluyveriYER102W: 0.139539);

Detailed output identifying parameters

kappa (ts/tv) =  6.26608

Frequency parameters:
   0.28828 (T)   0.20861 (C)   0.30048 (A)   0.20262 (G)
Equilibrium codon frequencies (evolver-style):
  0.02551783  0.01846598  0.02659800  0.01793540
  0.01846598  0.01336290  0.01924764  0.01297895
  0.02659800  0.01924764  0.00000000  0.00000000
  0.01793540  0.01297895  0.00000000  0.01260604
  0.01846598  0.01336290  0.01924764  0.01297895
  0.01336290  0.00967007  0.01392856  0.00939222
  0.01924764  0.01392856  0.02006240  0.01352836
  0.01297895  0.00939222  0.01352836  0.00912236
  0.02659800  0.01924764  0.02772390  0.01869461
  0.01924764  0.01392856  0.02006240  0.01352836
  0.02772390  0.02006240  0.02889746  0.01948596
  0.01869461  0.01352836  0.01948596  0.01313965
  0.01793540  0.01297895  0.01869461  0.01260604
  0.01297895  0.00939222  0.01352836  0.00912236
  0.01869461  0.01352836  0.01948596  0.01313965
  0.01260604  0.00912236  0.01313965  0.00886025

omega (dN/dS) =  0.12300

dN & dS for each branch

 branch          t       N       S   dN/dS      dN      dS  N*dN  S*dS

   8..9      0.113   410.7   183.3  0.1230  0.0117  0.0954   4.8  17.5
   9..10     0.070   410.7   183.3  0.1230  0.0073  0.0594   3.0  10.9
  10..11     0.029   410.7   183.3  0.1230  0.0030  0.0246   1.2   4.5
  11..12     0.039   410.7   183.3  0.1230  0.0041  0.0334   1.7   6.1
  12..13     0.063   410.7   183.3  0.1230  0.0066  0.0535   2.7   9.8
  13..6      0.012   410.7   183.3  0.1230  0.0013  0.0104   0.5   1.9
  13..7      0.035   410.7   183.3  0.1230  0.0037  0.0298   1.5   5.5
  12..3      0.067   410.7   183.3  0.1230  0.0069  0.0564   2.8  10.3
  11..1      0.184   410.7   183.3  0.1230  0.0191  0.1556   7.9  28.5
  10..2      0.096   410.7   183.3  0.1230  0.0100  0.0817   4.1  15.0
   9..4      0.204   410.7   183.3  0.1230  0.0212  0.1725   8.7  31.6
   8..5      0.140   410.7   183.3  0.1230  0.0145  0.1182   6.0  21.7

tree length for dN:       0.1096
tree length for dS:       0.8907



TREE #  2:  ((((((6, 7), 3), 1), 2), 4), 5);   MP score: 163
This is a rooted tree.  Please check!
check convergence..
lnL(ntime: 12  np: 17):  -1590.369867      -0.000000
   8..9     9..10   10..11   11..12   12..13   13..6    13..7    12..3    11..1    10..2     9..4     8..5  
 0.140229 0.070157 0.029049 0.039411 0.063138 0.012302 0.035229 0.066635 0.183736 0.096433 0.203705 0.111947 6.266069 1.422763 1.029582 1.482990 0.122998
SEs for parameters:
 1356411.938356 0.027824 0.019522 0.020422 0.025018 0.010278 0.014918 0.023066 0.040719 0.028942 0.038807 1356411.947922 1.439421 0.222759 0.117241 0.182608 0.030221

Note: Branch length is defined as number of nucleotide substitutions per codon (not per neucleotide site).

tree length =   1.05197

((((((6: 0.012302, 7: 0.035229): 0.063138, 3: 0.066635): 0.039411, 1: 0.183736): 0.029049, 2: 0.096433): 0.070157, 4: 0.203705): 0.140229, 5: 0.111947);

((((((cerevisiaeYER102W: 0.012302, paradoxusYER102W: 0.035229): 0.063138, mikataeYER102W: 0.066635): 0.039411, kudriavzeviiYER102W: 0.183736): 0.029049, bayanusYER102W: 0.096433): 0.070157, castelliiYER102W: 0.203705): 0.140229, kluyveriYER102W: 0.111947);

Detailed output identifying parameters

kappa (ts/tv) =  6.26607

Frequency parameters:
   0.28828 (T)   0.20861 (C)   0.30048 (A)   0.20262 (G)
Equilibrium codon frequencies (evolver-style):
  0.02551781  0.01846596  0.02659800  0.01793539
  0.01846596  0.01336289  0.01924764  0.01297895
  0.02659800  0.01924764  0.00000000  0.00000000
  0.01793539  0.01297895  0.00000000  0.01260603
  0.01846596  0.01336289  0.01924764  0.01297895
  0.01336289  0.00967006  0.01392856  0.00939221
  0.01924764  0.01392856  0.02006241  0.01352836
  0.01297895  0.00939221  0.01352836  0.00912236
  0.02659800  0.01924764  0.02772392  0.01869462
  0.01924764  0.01392856  0.02006241  0.01352836
  0.02772392  0.02006241  0.02889750  0.01948598
  0.01869462  0.01352836  0.01948598  0.01313966
  0.01793539  0.01297895  0.01869462  0.01260603
  0.01297895  0.00939221  0.01352836  0.00912236
  0.01869462  0.01352836  0.01948598  0.01313966
  0.01260603  0.00912236  0.01313966  0.00886025

omega (dN/dS) =  0.12300

dN & dS for each branch

 branch          t       N       S   dN/dS      dN      dS  N*dN  S*dS

   8..9      0.140   410.7   183.3  0.1230  0.0146  0.1187   6.0  21.8
   9..10     0.070   410.7   183.3  0.1230  0.0073  0.0594   3.0  10.9
  10..11     0.029   410.7   183.3  0.1230  0.0030  0.0246   1.2   4.5
  11..12     0.039   410.7   183.3  0.1230  0.0041  0.0334   1.7   6.1
  12..13     0.063   410.7   183.3  0.1230  0.0066  0.0535   2.7   9.8
  13..6      0.012   410.7   183.3  0.1230  0.0013  0.0104   0.5   1.9
  13..7      0.035   410.7   183.3  0.1230  0.0037  0.0298   1.5   5.5
  12..3      0.067   410.7   183.3  0.1230  0.0069  0.0564   2.8  10.3
  11..1      0.184   410.7   183.3  0.1230  0.0191  0.1556   7.9  28.5
  10..2      0.096   410.7   183.3  0.1230  0.0100  0.0817   4.1  15.0
   9..4      0.204   410.7   183.3  0.1230  0.0212  0.1725   8.7  31.6
   8..5      0.112   410.7   183.3  0.1230  0.0117  0.0948   4.8  17.4

tree length for dN:       0.1096
tree length for dS:       0.8907


Tree comparisons (Kishino & Hasegawa 1989; Shimodaira & Hasegawa 1999)
Number of replicates: 10000

  tree           li       Dli     +- SE     pKH       pSH    pRELL

     1*   -1590.370     0.000     0.000  -1.000    -1.000    0.504
     2    -1590.370    -0.000     0.000   0.500     0.500    0.496

pKH: P value for KH normal test (Kishino & Hasegawa 1989)
pRELL: RELL bootstrap proportions (Kishino & Hasegawa 1989)
pSH: P value with multiple-comparison correction (MC in table 1 of Shimodaira & Hasegawa 1999)
(-1 for P values means N/A)

Time used:  0:15
