      7    408

castelliiYBL087C                ATG TCA GGT AAC GGT GCT CAA GGT ACT AAA TTC AGA ATT TCT TTA GGT TTG CCA ACC GGT GCT ATC ATG AAC TGT GCC GAT AAC ACT GGT GCT AGA AAC TTG TAC ATC TTA GCT GTC AAG GGT TCT GGT TCT AGA TTA AAC AGA TTG CCA GCT GCC TCC TTA GGT GAT ATG GTT ATG GCC ACT GTT AAG AAG GGT AAG CCA GAA TTG AGA AAG AAG GTT ATG CCA GCT ATC GTT GTT CGT CAA TCC AAG TCT TGG AGA AGA AAG GAC GGT GTC TAC TTA TAC TTT GAA GAT AAT GCT GGT GTC ATT GCT AAC CCA AAG GGT GAA ATG AAG GGT TCT GCC ATT ACC GGT CCA GTT GGT AAG GAA TGT GCC GAT TTA TGG CCA AGA GTT GCT TCC AAC TCC GGT GTT GTT 
cerevisiaeYBL087C               ATG TCC GGT AAC GGT GCT CAA GGT ACT AAG TTT AGA ATC TCA TTA GGT CTA CCA GTC GGT GCC ATC ATG AAC TGT GCT GAC AAC AGT GGT GCC AGA AAC TTG TAC ATT ATC GCC GTC AAA GGC TCT GGT TCC AGA TTG AAC AGA TTG CCA GCC GCC TCT CTA GGT GAT ATG GTT ATG GCC ACC GTT AAG AAG GGT AAG CCA GAA TTG AGA AAG AAG GTT ATG CCA GCT ATT GTT GTC CGT CAA GCT AAG TCT TGG AGA AGA AGA GAC GGT GTC TTT TTG TAC TTC GAA GAC AAT GCT GGT GTC ATC GCT AAT CCT AAG GGT GAA ATG AAG GGT TCC GCC ATC ACT GGT CCA GTC GGT AAG GAA TGT GCC GAT TTA TGG CCA AGA GTT GCA TCT AAC TCC GGT GTT GTT 
mikataeYBL087C                  ATG TCC GGT AAC GGT GCT CAA GGT ACT AAG TTT AGA ATC TCA TTA GGT CTA CCA GTC GGT GCC ATC ATG AAC TGC GCT GAC AAC AGT GGT GCC AGA AAC TTG TAC ATT ATT GCC GTC AAG GGT TCT GGT TCC AGA TTG AAC AGA TTG CCT GCC GCC TCC CTA GGT GAT ATG GTT ATG GCC ACT GTT AAG AAA GGT AAG CCA GAA TTA AGA AAG AAG GTT ATG CCA GCT ATT GTT GTT CGT CAA GCC AAG TCC TGG AGA AGA AGG GAT GGT GTC TTC TTG TAT TTT GAA GAC AAT GCT GGT GTC ATC GCC AAT CCA AAG GGT GAA ATG AAG GGT TCT GCT ATT ACC GGC CCA GTC GGT AAG GAA TGT GCC GAT TTG TGG CCA AGA GTT GCA TCT AAC TCC GGT GTC GTT 
kudriavzeviiYBL087C             ATG TCT GGT AAC GGT GCT CAA GGT ACT AAG TTT AGA ATT TCA TTA GGT CTA CCA GTC GGT GCC ATC ATG AAC TGT GCT GAC AAC AGT GGT GCC AGA AAC TTG TAC GTT ATT GCC GTC AAA GGT TCC GGC TCT AGA TTG AAC AGA TTA CCA GCC GCC TCC TTA GGT GAT ATG GTT ATG GCC ACT GTT AAA AAG GGT AAG CCA GAA TTA AGA AAG AAG GTT ATG CCA GCT ATC GTT GTC CGT CAA GCC AAG TCC TGG AGA AGA AGG GAC GGT GTC TTC TTG TAC TTC GAA GAT AAC GCC GGT GTC ATT GCC AAT CCA AAG GGT GAA ATG AAG GGT TCT GCC ATC ACT GGT CCA GTC GGT AAG GAA TGT GCC GAT TTA TGG CCA AGA GTT GCA TCC AAC TCC GGT GTT GTT 
bayanusYBL087C                  ATG TCC GGT AAC GGT GCT CAA GGT ACT AAG TTT AGA ATT TCT TTA GGT CTA CCA GTC GGT GCC ATC ATG AAC TGT GCT GAC AAC AGT GGT GCC AGA AAC TTG TAC GTC ATC GCC GTC AAA GGT TCT GGT TCC AGA TTG AAC AGA TTG CCA GCC GCC TCT TTA GGT GAT ATG GTT ATG GCC ACT GTT AAG AAA GGT AAG CCA GAA TTG AGA AAG AAG GTT ATG CCA GCT ATT GTT GTC CGT CAA GCT AAG TCT TGG AGA AGA AGA GAC GGT GTC TTT TTG TAC TTT GAA GAC AAT GCC GGT GTC ATC GCC AAC CCA AAG GGT GAA ATG AAG GGT TCT GCC ATC ACT GGT CCA GTC GGT AAA GAA TGT GCC GAT TTG TGG CCA AGA GTT GCA TCC AAC TCC GGT GTT GTC 
paradoxusYBL087C                ATG TCC GGT AAC GGT GCT CAA GGT ACT AAG TTT AGA ATC TCA TTA GGT CTA CCA GTC GGT GCC ATC ATG AAC TGT GCT GAC AAC AGT GGT GCT AGA AAC TTG TAC ATT ATT GCC GTC AAA GGT TCT GGT TCC AGA TTG AAC AGA TTG CCA GCC GCC TCC CTA GGT GAT ATG GTT ATG GCT ACT GTT AAG AAG GGT AAG CCA GAA TTA AGA AAG AAG GTT ATG CCA GCA ATC GTT GTT CGT CAA GCC AAG TCT TGG AGA AGA AGA GAC GGT GTC TTC TTG TAT TTC GAA GAC AAT GCT GGT GTC ATC GCC AAT CCA AAG GGT GAA ATG AAG GGT TCA GCT ATC ACT GGT CCA GTC GGT AAA GAA TGT GCC GAT TTA TGG CCA AGA GTT GCA TCT AAC TCC GGT GTT GTT 
kluyveriYBL087C                 ATG TCC GGT AAC GGT GCT CAA GGT ACT AAA TTC AGA ATT TCT CTA GGT TTG CCA ACT GGT GCC ATC ATG AAC TGT GCT GAC AAC TCT GGT GCC AGA AAC TTG TAC ATC TTG GCT GTC AAG GGT GTT GGT GCT AGA TTG AAC AGA TTG CCA GCC GCT TCT TTG GGT GAC ATG GTT ATG GCC ACT GTC AAG AAG GGT AAG CCA GAA TTG AGA AAG AAG GTT ATG CCA GCT ATC GTT GTT CGT CAA GCT AAG GCT TGG AGA AGA AAG GAC GGT GTC TTC TTG TAC TTT GAA GAC AAC GCT GGT GTC ATT GCC AAC CCT AAG GGT GAA ATG AAG GGT TCC GCT ATC ACT GGT CCA GTC GGT AAG GAA TGT GCT GAC TTG TGG CCA AGA ATT GCT TCC AAC TCT GGT GTT GTT 



Printing out site pattern counts


         7        252  P

castelliiYBL087C                AAA AAC AAC AAG AAG AAG AAG AAG AAG AAT ACC ACC ACT ACT ACT AGA ATC ATC ATC ATG ATT ATT ATT CAA CCA CCA CCA CGT GAA GAC GAT GAT GAT GCC GCC GCC GCC GCT GCT GCT GCT GCT GCT GCT GCT GGT GGT GGT GGT GTC GTT GTT GTT GTT GTT GTT GTT TAC TAC TAC TCA TCC TCC TCC TCC TCT TCT TCT TCT TCT TGG TGT TGT TTA TTA TTA TTA TTA TTC TTG TTG TTG TTG TTT 
cerevisiaeYBL087C               ..G ... ..T ..A ... ... ... ... .GA ... ..T GT. ..C ... .G. ... ... ..T ..T ... ..C ..C ..C ... ... ... ..T ... ... ... ..C ..C ... ... ... ... ..T ..A ..C ..C ..C ... ... ... ... ..C ... ... ... ... ..C ..C ... ... ... ... ... ... ... .TT ..C G.T ... ..T ..T ..A ..C ..C ... ... ... ... ... A.C C.. ... ... ..G ..T C.A ... ... ... ..C 
mikataeYBL087C                  ..G ... ..T ... ..A ... ... ... .G. ... ... GT. ... ... .G. ... ... ..T ..T ... ..C ..C ... ... ... ..T ... ... ... ..T ..C ..C ... ... ... ..T ..T ..A ..C ..C ..C ..C ... ... ... ... ..C ... ... ... ..C ... ..C ... ... ... ... ... ..T .T. ..C G.. ... ... ..T ..A ..C ... ..C ... ... ..C ... A.T C.. ... ..G ..G ..T C.A ..A ... ... ... 
kudriavzeviiYBL087C             ..G ... ..T ..A ... ..A ... ... .G. ..C ..T GT. ... ... .G. ... ... ... G.T ... ... ... ..C ... ... ... ... ... ... ... ..C ... ... ... ... ... ..T ..A ..C ..C ..C ..C ..C ... ... ... ... ..C ... ... ..C ..C ... ... ... ... ... ... ... .T. ..T G.. ... ... ... ..A ... ... ..C ..C ... ... ... A.T ... ... ... ..G ..T C.A ..A ..A ... ..C 
bayanusYBL087C                  ..G ... ... ..A ..A ... ..A ... .GA ... ..T GT. ... ... .G. ... ... ..T G.. ... ..C ... ..C ... ... ... ... ... ... ... ..C ..C ... ... ... ... ..T ..A ..C ..C ..C ..C ..C ... ... ... ... ... ... ... ..C ..C ... ..C ... ... ... ... ... .TT ..C G.T ... ..T ... ... ..C ... ... ... ... ... ... A.C ... ... ..G ..G ..T C.A ... ... ... ... 
paradoxusYBL087C                ..G ... ..T ..A ... ... ..A ... .GA ... ..T GT. ... ... .G. ... ... ... ..T ... ..C ..C ..C ... ... ... ... ... ... ... ..C ..C ... ... ..T ..T ..T ..A ..C ..C ... ..C ... ..A ... ... ... ... ... ... ..C ... ... ... ... ... ... ... ..T .T. ..C G.. ... ... ..T ..A ..C ..A ... ... ... ... ... A.T C.. ... ... ..G ..T C.A ..A ... ... ..C 
kluyveriYBL087C                 ... ... ... ... ... ... ... ... ... ..C ..T ..T ... ... T.. ... ... ... ... ... ... ... ..C ... ... ... ..T ... ... ... ..C ..C ..C ..T ... ..T ..T ... ..C ... ..C ..C ... ... ... ... ... ... ... ... ..C ... ... ... A.. ..C ... ... ... .T. ..C G.T ..T ..T ... ... G.. ..C G.. GT. ... ... ... ..G ..G C.. ..G ..G ... ... ... ... ... ... 

    1    6    1    1    1    1    1    6    1    1    1    1    1    1    1
    8    1    1    1    6    1    1    1    2    5    1    1    1    4    1
    1    1    2    2    1    1    1    1    2    1    1    1    1    1    1
    1    1    1   14    3    1    1    1    1    1    1    3    1    1    1
    1    1    1    1    1    1    1    1    1    1    2    1    1    1    1
    1    1    2    1    1    1    1    1    1

CODONML (in paml version 4.8a, August 2014)  /Users/xji3/Genconv/IdenticalParalogAlignment/YBL087C_YER117W/YBL087C_YER117W_IdenticalParalog_paml_input.fasta
Model: One dN/dS ratio for branches, 
Codon frequency model: F1x4MG
ns =   7  ls = 136

Codon usage in sequences
--------------------------------------------------------------------------------------------------------------------------------------
Phe TTT   1   2   2   1   3   1 | Ser TCT   5   4   3   3   5   3 | Tyr TAT   0   0   1   0   0   1 | Cys TGT   2   2   1   2   2   2
    TTC   1   1   1   2   0   2 |     TCC   4   4   5   5   4   4 |     TAC   3   2   1   2   2   1 |     TGC   0   0   1   0   0   0
Leu TTA   6   2   2   5   2   3 |     TCA   1   1   1   1   0   2 | *** TAA   0   0   0   0   0   0 | *** TGA   0   0   0   0   0   0
    TTG   4   5   5   3   6   4 |     TCG   0   0   0   0   0   0 |     TAG   0   0   0   0   0   0 | Trp TGG   2   2   2   2   2   2
--------------------------------------------------------------------------------------------------------------------------------------
Leu CTT   0   0   0   0   0   0 | Pro CCT   0   1   1   0   0   0 | His CAT   0   0   0   0   0   0 | Arg CGT   1   1   1   1   1   1
    CTC   0   0   0   0   0   0 |     CCC   0   0   0   0   0   0 |     CAC   0   0   0   0   0   0 |     CGC   0   0   0   0   0   0
    CTA   0   2   2   1   1   2 |     CCA   7   6   6   7   7   7 | Gln CAA   2   2   2   2   2   2 |     CGA   0   0   0   0   0   0
    CTG   0   0   0   0   0   0 |     CCG   0   0   0   0   0   0 |     CAG   0   0   0   0   0   0 |     CGG   0   0   0   0   0   0
--------------------------------------------------------------------------------------------------------------------------------------
Ile ATT   3   2   4   3   2   2 | Thr ACT   3   2   2   3   3   3 | Asn AAT   1   2   2   1   1   2 | Ser AGT   0   1   1   1   1   1
    ATC   3   5   3   3   4   5 |     ACC   2   1   1   0   0   0 |     AAC   7   6   6   7   7   6 |     AGC   0   0   0   0   0   0
    ATA   0   0   0   0   0   0 |     ACA   0   0   0   0   0   0 | Lys AAA   1   1   1   2   3   2 | Arg AGA   8   9   8   8   9   9
Met ATG   6   6   6   6   6   6 |     ACG   0   0   0   0   0   0 |     AAG  11  10  10   9   8   9 |     AGG   0   0   1   1   0   0
--------------------------------------------------------------------------------------------------------------------------------------
Val GTT   9   7   7   8   6   8 | Ala GCT   9   6   5   3   4   6 | Asp GAT   4   2   3   3   2   2 | Gly GGT  17  16  16  16  17  17
    GTC   3   6   6   6   8   5 |     GCC   5   8   9  11  10   7 |     GAC   1   3   2   2   3   3 |     GGC   0   1   1   1   0   0
    GTA   0   0   0   0   0   0 |     GCA   0   1   1   1   1   2 | Glu GAA   4   4   4   4   4   4 |     GGA   0   0   0   0   0   0
    GTG   0   0   0   0   0   0 |     GCG   0   0   0   0   0   0 |     GAG   0   0   0   0   0   0 |     GGG   0   0   0   0   0   0
--------------------------------------------------------------------------------------------------------------------------------------

------------------------------------------------------
Phe TTT   1 | Ser TCT   4 | Tyr TAT   0 | Cys TGT   2
    TTC   2 |     TCC   3 |     TAC   2 |     TGC   0
Leu TTA   0 |     TCA   0 | *** TAA   0 | *** TGA   0
    TTG   9 |     TCG   0 |     TAG   0 | Trp TGG   2
------------------------------------------------------
Leu CTT   0 | Pro CCT   1 | His CAT   0 | Arg CGT   1
    CTC   0 |     CCC   0 |     CAC   0 |     CGC   0
    CTA   1 |     CCA   6 | Gln CAA   2 |     CGA   0
    CTG   0 |     CCG   0 |     CAG   0 |     CGG   0
------------------------------------------------------
Ile ATT   3 | Thr ACT   4 | Asn AAT   0 | Ser AGT   0
    ATC   4 |     ACC   0 |     AAC   8 |     AGC   0
    ATA   0 |     ACA   0 | Lys AAA   1 | Arg AGA   8
Met ATG   6 |     ACG   0 |     AAG  11 |     AGG   0
------------------------------------------------------
Val GTT   7 | Ala GCT  12 | Asp GAT   0 | Gly GGT  17
    GTC   5 |     GCC   5 |     GAC   5 |     GGC   0
    GTA   0 |     GCA   0 | Glu GAA   4 |     GGA   0
    GTG   0 |     GCG   0 |     GAG   0 |     GGG   0
------------------------------------------------------

Codon position x base (3x4) table for each sequence.

#1: castelliiYBL087C
position  1:    T:0.21324    C:0.07353    A:0.33088    G:0.38235
position  2:    T:0.26471    C:0.26471    A:0.25000    G:0.22059
position  3:    T:0.40441    C:0.21324    A:0.21324    G:0.16912
Average         T:0.29412    C:0.18382    A:0.26471    G:0.25735

#2: cerevisiaeYBL087C
position  1:    T:0.18382    C:0.08824    A:0.33088    G:0.39706
position  2:    T:0.27941    C:0.25000    A:0.23529    G:0.23529
position  3:    T:0.35294    C:0.27206    A:0.20588    G:0.16912
Average         T:0.27206    C:0.20343    A:0.25735    G:0.26716

#3: mikataeYBL087C 
position  1:    T:0.18382    C:0.08824    A:0.33088    G:0.39706
position  2:    T:0.27941    C:0.25000    A:0.23529    G:0.23529
position  3:    T:0.36029    C:0.26471    A:0.19853    G:0.17647
Average         T:0.27451    C:0.20098    A:0.25490    G:0.26961

#4: kudriavzeviiYBL087C
position  1:    T:0.19118    C:0.08088    A:0.32353    G:0.40441
position  2:    T:0.27941    C:0.25000    A:0.23529    G:0.23529
position  3:    T:0.33088    C:0.28676    A:0.22794    G:0.15441
Average         T:0.26716    C:0.20588    A:0.26225    G:0.26471

#5: bayanusYBL087C 
position  1:    T:0.19118    C:0.08088    A:0.32353    G:0.40441
position  2:    T:0.27941    C:0.25000    A:0.23529    G:0.23529
position  3:    T:0.34559    C:0.27941    A:0.21324    G:0.16176
Average         T:0.27206    C:0.20343    A:0.25735    G:0.26716

#6: paradoxusYBL087C
position  1:    T:0.18382    C:0.08824    A:0.33088    G:0.39706
position  2:    T:0.27941    C:0.25000    A:0.23529    G:0.23529
position  3:    T:0.36029    C:0.24265    A:0.24265    G:0.15441
Average         T:0.27451    C:0.19363    A:0.26961    G:0.26225

#7: kluyveriYBL087C
position  1:    T:0.18382    C:0.08088    A:0.33088    G:0.40441
position  2:    T:0.27941    C:0.25735    A:0.24265    G:0.22059
position  3:    T:0.38235    C:0.25000    A:0.16176    G:0.20588
Average         T:0.28186    C:0.19608    A:0.24510    G:0.27696

Sums of codon usage counts
------------------------------------------------------------------------------
Phe F TTT      11 | Ser S TCT      27 | Tyr Y TAT       2 | Cys C TGT      13
      TTC       9 |       TCC      29 |       TAC      13 |       TGC       1
Leu L TTA      20 |       TCA       6 | *** * TAA       0 | *** * TGA       0
      TTG      36 |       TCG       0 |       TAG       0 | Trp W TGG      14
------------------------------------------------------------------------------
Leu L CTT       0 | Pro P CCT       3 | His H CAT       0 | Arg R CGT       7
      CTC       0 |       CCC       0 |       CAC       0 |       CGC       0
      CTA       9 |       CCA      46 | Gln Q CAA      14 |       CGA       0
      CTG       0 |       CCG       0 |       CAG       0 |       CGG       0
------------------------------------------------------------------------------
Ile I ATT      19 | Thr T ACT      20 | Asn N AAT       9 | Ser S AGT       5
      ATC      27 |       ACC       4 |       AAC      47 |       AGC       0
      ATA       0 |       ACA       0 | Lys K AAA      11 | Arg R AGA      59
Met M ATG      42 |       ACG       0 |       AAG      68 |       AGG       2
------------------------------------------------------------------------------
Val V GTT      52 | Ala A GCT      45 | Asp D GAT      16 | Gly G GGT     116
      GTC      39 |       GCC      55 |       GAC      19 |       GGC       3
      GTA       0 |       GCA       6 | Glu E GAA      28 |       GGA       0
      GTG       0 |       GCG       0 |       GAG       0 |       GGG       0
------------------------------------------------------------------------------


Codon position x base (3x4) table, overall

position  1:    T:0.19013    C:0.08298    A:0.32878    G:0.39811
position  2:    T:0.27731    C:0.25315    A:0.23845    G:0.23109
position  3:    T:0.36239    C:0.25840    A:0.20903    G:0.17017
Average         T:0.27661    C:0.19818    A:0.25875    G:0.26646

Codon frequencies under model, for use in evolver (TTT TTC TTA TTG ... GGG):
  0.02243570  0.01607419  0.02098732  0.02161211
  0.01607419  0.01151644  0.01503649  0.01548412
  0.02098732  0.01503649  0.00000000  0.00000000
  0.02161211  0.01548412  0.00000000  0.02081876
  0.01607419  0.01151644  0.01503649  0.01548412
  0.01151644  0.00825102  0.01077298  0.01109369
  0.01503649  0.01077298  0.01406578  0.01448451
  0.01548412  0.01109369  0.01448451  0.01491572
  0.02098732  0.01503649  0.01963244  0.02021690
  0.01503649  0.01077298  0.01406578  0.01448451
  0.01963244  0.01406578  0.01836503  0.01891176
  0.02021690  0.01448451  0.01891176  0.01947476
  0.02161211  0.01548412  0.02021690  0.02081876
  0.01548412  0.01109369  0.01448451  0.01491572
  0.02021690  0.01448451  0.01891176  0.01947476
  0.02081876  0.01491572  0.01947476  0.02005452



Nei & Gojobori 1986. dN/dS (dN, dS)
(Note: This matrix is not used in later ML. analysis.
Use runmode = -2 for ML pairwise comparison.)

castelliiYBL087C    
cerevisiaeYBL087C    0.0453 (0.0247 0.5454)
mikataeYBL087C       0.0470 (0.0247 0.5251)-1.0000 (0.0000 0.3215)
kudriavzeviiYBL087C  0.0652 (0.0281 0.4300) 0.0101 (0.0032 0.3215) 0.0092 (0.0032 0.3532)
bayanusYBL087C       0.0624 (0.0280 0.4492) 0.0167 (0.0032 0.1944) 0.0096 (0.0032 0.3380)-1.0000 (0.0000 0.3070)
paradoxusYBL087C     0.0490 (0.0247 0.5039)-1.0000 (0.0000 0.2067)-1.0000 (0.0000 0.2202) 0.0118 (0.0032 0.2761) 0.0111 (0.0032 0.2914)
kluyveriYBL087C      0.0678 (0.0263 0.3886) 0.0835 (0.0399 0.4777) 0.0687 (0.0399 0.5802) 0.0870 (0.0433 0.4974) 0.1112 (0.0433 0.3890) 0.0744 (0.0399 0.5363)


TREE #  1:  ((((((2, 6), 3), 4), 5), 1), 7);   MP score: 117
This is a rooted tree.  Please check!
lnL(ntime: 12  np: 17):  -1046.508342      +0.000000
   8..9     9..10   10..11   11..12   12..13   13..2    13..6    12..3    11..4    10..5     9..1     8..7  
 0.091755 0.182323 0.049689 0.041781 0.000004 0.089061 0.063724 0.127623 0.099519 0.069354 0.139970 0.118666 8.949085 1.328338 0.808717 1.118800 0.052588
SEs for parameters:
 815430.511736 0.049629 0.031590 0.026862 0.035823 0.037339 0.027097 0.040752 0.037168 0.039206 0.048983 815430.492726 2.698355 0.256069 0.111388 0.174880 0.017439

Note: Branch length is defined as number of nucleotide substitutions per codon (not per neucleotide site).

tree length =   1.07347

((((((2: 0.089061, 6: 0.063724): 0.000004, 3: 0.127623): 0.041781, 4: 0.099519): 0.049689, 5: 0.069354): 0.182323, 1: 0.139970): 0.091755, 7: 0.118666);

((((((cerevisiaeYBL087C: 0.089061, paradoxusYBL087C: 0.063724): 0.000004, mikataeYBL087C: 0.127623): 0.041781, kudriavzeviiYBL087C: 0.099519): 0.049689, bayanusYBL087C: 0.069354): 0.182323, castelliiYBL087C: 0.139970): 0.091755, kluyveriYBL087C: 0.118666);

Detailed output identifying parameters

kappa (ts/tv) =  8.94908

Frequency parameters:
   0.31212 (T)   0.19002 (C)   0.26288 (A)   0.23497 (G)
Equilibrium codon frequencies (evolver-style):
  0.03235170  0.01969632  0.02724841  0.02435503
  0.01969632  0.01199148  0.01658934  0.01482779
  0.02724841  0.01658934  0.00000000  0.00000000
  0.02435503  0.01482779  0.00000000  0.01833497
  0.01969632  0.01199148  0.01658934  0.01482779
  0.01199148  0.00730064  0.01009990  0.00902744
  0.01658934  0.01009990  0.01397247  0.01248880
  0.01482779  0.00902744  0.01248880  0.01116267
  0.02724841  0.01658934  0.02295014  0.02051317
  0.01658934  0.01009990  0.01397247  0.01248880
  0.02295014  0.01397247  0.01932989  0.01727734
  0.02051317  0.01248880  0.01727734  0.01544274
  0.02435503  0.01482779  0.02051317  0.01833497
  0.01482779  0.00902744  0.01248880  0.01116267
  0.02051317  0.01248880  0.01727734  0.01544274
  0.01833497  0.01116267  0.01544274  0.01380294

omega (dN/dS) =  0.05259

dN & dS for each branch

 branch          t       N       S   dN/dS      dN      dS  N*dN  S*dS

   8..9      0.092   278.2   129.8  0.0526  0.0045  0.0864   1.3  11.2
   9..10     0.182   278.2   129.8  0.0526  0.0090  0.1716   2.5  22.3
  10..11     0.050   278.2   129.8  0.0526  0.0025  0.0468   0.7   6.1
  11..12     0.042   278.2   129.8  0.0526  0.0021  0.0393   0.6   5.1
  12..13     0.000   278.2   129.8  0.0526  0.0000  0.0000   0.0   0.0
  13..2      0.089   278.2   129.8  0.0526  0.0044  0.0838   1.2  10.9
  13..6      0.064   278.2   129.8  0.0526  0.0032  0.0600   0.9   7.8
  12..3      0.128   278.2   129.8  0.0526  0.0063  0.1202   1.8  15.6
  11..4      0.100   278.2   129.8  0.0526  0.0049  0.0937   1.4  12.2
  10..5      0.069   278.2   129.8  0.0526  0.0034  0.0653   1.0   8.5
   9..1      0.140   278.2   129.8  0.0526  0.0069  0.1318   1.9  17.1
   8..7      0.119   278.2   129.8  0.0526  0.0059  0.1117   1.6  14.5

tree length for dN:       0.0531
tree length for dS:       1.0106



TREE #  2:  ((((((2, 6), 3), 4), 5), 1), 7);   MP score: 117
This is a rooted tree.  Please check!
lnL(ntime: 12  np: 17):  -1046.508342      -0.000000
   8..9     9..10   10..11   11..12   12..13   13..2    13..6    12..3    11..4    10..5     9..1     8..7  
 0.119353 0.182323 0.049689 0.041781 0.000004 0.089061 0.063724 0.127623 0.099519 0.069354 0.139970 0.091068 8.949086 1.328337 0.808717 1.118800 0.052588
SEs for parameters:
 1817776.523202 0.049153 0.031588 0.026844 0.035801 0.037336 0.027082 0.040739 0.036890 0.039195 0.048967 1817776.538513 2.697368 0.255993 0.111389 0.174855 0.017165

Note: Branch length is defined as number of nucleotide substitutions per codon (not per neucleotide site).

tree length =   1.07347

((((((2: 0.089061, 6: 0.063724): 0.000004, 3: 0.127623): 0.041781, 4: 0.099519): 0.049689, 5: 0.069354): 0.182323, 1: 0.139970): 0.119353, 7: 0.091068);

((((((cerevisiaeYBL087C: 0.089061, paradoxusYBL087C: 0.063724): 0.000004, mikataeYBL087C: 0.127623): 0.041781, kudriavzeviiYBL087C: 0.099519): 0.049689, bayanusYBL087C: 0.069354): 0.182323, castelliiYBL087C: 0.139970): 0.119353, kluyveriYBL087C: 0.091068);

Detailed output identifying parameters

kappa (ts/tv) =  8.94909

Frequency parameters:
   0.31212 (T)   0.19002 (C)   0.26289 (A)   0.23497 (G)
Equilibrium codon frequencies (evolver-style):
  0.03235169  0.01969631  0.02724841  0.02435502
  0.01969631  0.01199148  0.01658934  0.01482779
  0.02724841  0.01658934  0.00000000  0.00000000
  0.02435502  0.01482779  0.00000000  0.01833497
  0.01969631  0.01199148  0.01658934  0.01482779
  0.01199148  0.00730064  0.01009990  0.00902744
  0.01658934  0.01009990  0.01397247  0.01248880
  0.01482779  0.00902744  0.01248880  0.01116267
  0.02724841  0.01658934  0.02295014  0.02051317
  0.01658934  0.01009990  0.01397247  0.01248880
  0.02295014  0.01397247  0.01932990  0.01727734
  0.02051317  0.01248880  0.01727734  0.01544274
  0.02435502  0.01482779  0.02051317  0.01833497
  0.01482779  0.00902744  0.01248880  0.01116267
  0.02051317  0.01248880  0.01727734  0.01544274
  0.01833497  0.01116267  0.01544274  0.01380294

omega (dN/dS) =  0.05259

dN & dS for each branch

 branch          t       N       S   dN/dS      dN      dS  N*dN  S*dS

   8..9      0.119   278.2   129.8  0.0526  0.0059  0.1124   1.6  14.6
   9..10     0.182   278.2   129.8  0.0526  0.0090  0.1716   2.5  22.3
  10..11     0.050   278.2   129.8  0.0526  0.0025  0.0468   0.7   6.1
  11..12     0.042   278.2   129.8  0.0526  0.0021  0.0393   0.6   5.1
  12..13     0.000   278.2   129.8  0.0526  0.0000  0.0000   0.0   0.0
  13..2      0.089   278.2   129.8  0.0526  0.0044  0.0838   1.2  10.9
  13..6      0.064   278.2   129.8  0.0526  0.0032  0.0600   0.9   7.8
  12..3      0.128   278.2   129.8  0.0526  0.0063  0.1202   1.8  15.6
  11..4      0.100   278.2   129.8  0.0526  0.0049  0.0937   1.4  12.2
  10..5      0.069   278.2   129.8  0.0526  0.0034  0.0653   1.0   8.5
   9..1      0.140   278.2   129.8  0.0526  0.0069  0.1318   1.9  17.1
   8..7      0.091   278.2   129.8  0.0526  0.0045  0.0857   1.3  11.1

tree length for dN:       0.0531
tree length for dS:       1.0106


Tree comparisons (Kishino & Hasegawa 1989; Shimodaira & Hasegawa 1999)
Number of replicates: 10000

  tree           li       Dli     +- SE     pKH       pSH    pRELL

     1    -1046.508    -0.000     0.000   0.500     0.501    0.506
     2*   -1046.508     0.000     0.000  -1.000    -1.000    0.494

pKH: P value for KH normal test (Kishino & Hasegawa 1989)
pRELL: RELL bootstrap proportions (Kishino & Hasegawa 1989)
pSH: P value with multiple-comparison correction (MC in table 1 of Shimodaira & Hasegawa 1999)
(-1 for P values means N/A)

Time used:  0:13
