      7    549

paradoxusYJL177W                ATG GCA AGA TAC GGT GCT ACT TCG ACC AAC CCA GCT AAA TCT GCA TCA GCT CGT GGT TCT TAT TTG CGT GTT TCT TTC AAG AAC ACC AGA GAA ACT GCT CAA GCC ATT AAC GGT TGG GAA TTG ACT AAG GCT CAA AAA TAC TTG GAC CAG GTT TTG GAC CAC CAA AGA GCC ATC CCA TTT AGA AGA TTC AAC TCC TCT ATC GGT AGA ACT GCC CAA GGT AAG GAA TTC GGT GTC ACC AAG GCT AGA TGG CCA GCT AAA TCT GTT AAG TTC GTT CAA GGT TTG CTG CAA AAC GCT GCT GCC AAT GCT GAA GCT AAG GGT CTA GAT GCT ACC AAG TTG TAC GTT TCT CAC ATC CAA GTT AAC CAA GCT CCA AAG CAA AGA AGA AGA ACT TAC AGA GCC CAC GGT AGA ATC AAC AAA TAC GAA TCT TCT CCA TCT CAC ATT GAA TTA GTT GTC ACT GAA AAG GAA GAA GCT GTC TCC AAG GCT GCT GAA AAG AAG GTT GTC AGA TTG ACT TCT AGA CAA AGA GGT AGA ATT GCT GCC CAA AAA CGT ATC TCT 
mikataeYJL177W                  ATG GCA AGA TAC GGT GCT ACT TCA ACC AAT CCA GCT AAA TCT GCA TCA GCT CGT GGG TCT TAC TTG CGT GTT TCT TTC AAG AAC ACC AGG GAA ACC GCT CAA GCT ATT AAT GGT TGG GAA TTG ACC AAG GCT CAA AAA TAC TTG GAC CAA GTT TTG GAC CAC CAA AGA GCC ATT CCA TTC AGA AGA TTT AAC TCC TCT ATT GGT AGA ACT GCC CAA GGT AAG GAA TTT GGT GTC ACC AAA GCC AGA TGG CCA GCT AAA TCT GTT AAG TTC GTT CAA GGT TTG TTG CAA AAC GCT GCT GCC AAT GCT GAA GCT AAG GGT CTA GAT GCC ACC AAG CTA TAC GTT TCT CAC ATC CAA GTT AAC CAA GCT CCA AAG CAA AGA AGA AGA ACT TAC AGA GCC CAT GGT AGA ATC AAC AAG TAC GAA TCT TCT CCA TCC CAC ATT GAA TTA GTT GTC ACG GAA AAG GAA GAA GCT GTC GCC AAG GCT GCT GAA AAG AAG GTT ATC AGA TTA ACT TCT AGA CAA AGA GGT AGA ATT GCT GCC CAA AAA CGT ATC TCT 
kudriavzeviiYJL177W             ATG GCA AGA TAC GGT GCT ACT TCA ACA AAT CCA GCT AAA TCT GCA TCT GCT CGT GGT TCT TAT TTG CGT GTC TCT TTC AAG AAC ACC AGA GAA ACC GCT CAA GCC ATT AAT GGT TGG GAA TTA ACC AAG GCC CAA AAA TAC TTG GAC CAG GTT TTG GAC CAC CAA AGA GCC ATC CCA TTC AGA AGA TTC AAC TCC TCT ATT GGT AGA ACT GCC CAA GGT AAG GAA TTT GGT GTC ACC AAG GCT AGA TGG CCT GCC AAA TCT GTT AAG TTC GTT CAA GGT TTG TTG CAA AAC GCT GCT GCC AAC GCT GAA GCT AAA GGT CTA GAT GCT ACC AAG TTA TTC GTT TCT CAC ATC CAA GTT AAC CAA GCT CCA AAG CAA AGA AGA AGA ACT TAC AGA GCC CAC GGT AGA ATC AAC AAA TAC GAA TCT TCT CCA TCT CAC ATT GAA TTA GTC GTC ACT GAA AAG GAA GAA GCT GTC GCC AAG GCC GCT GAA AAG AAG GCT GTC AGA TTG ACT TCT AGA CAA AGA GGT AGA ATT GCT GCC CAA AAA CGT ATC TCT 
castelliiYJL177W                ATG GCT AGA TAC GGT GCT ACC TCC ACA AAC CCA GCT AAG TCT GCT TCT GCT CGT GGT TCC TAC TTG CGT GTT TCT TTC AAG AAC ACC AGA GAA ACT GCT CAA GCT GTC AGC GGT TGG GAA TTG ACC AAG GCC CAA AAA TAT TTG GAT CAA GTT TTG GAC CAC CAA AGA GCT ATT CCA TTC AGA AGA TTT AAC TCT TCT ATT GGT AGA ACT GCT CAA GGT AAG GAA TTC GGT GTC ACC AAG GCT AGA TGG CCA GCC AAG TCT GTT AAG TTC GTC CAA GGC TTA CTA CAA AAT GCT GCT GCC AAC GCT GAA GCT AAG GGT TTA GAT GCT ACC AAG TTG TAC ATT TCT CAC ATC CAA GTT AAC CAA GCT CCA AAG CAA AGA AGA AGA ACT TTC AGA GCT CAC GGT AGA ATT AAC AAG TAC GAA TCT TCC CCA TCT CAC ATT GAA TTG GTC GTT ACT GAA AGA GAA GAA GCC GTT GAA AAG GCT ACT GAA AAG AAG GTC GTC AGA TTG TCT TCC AGA CAA AGA GGT AGA ATC GCT GCT CAA AAG CGT ATC TCC 
cerevisiaeYJL177W               ATG GCA AGA TAC GGT GCT ACT TCA ACC AAC CCA GCT AAA TCT GCG TCA GCT CGT GGT TCT TAT TTG CGT GTT TCT TTC AAG AAC ACC AGG GAA ACT GCT CAA GCC ATT AAT GGT TGG GAA TTG ACT AAG GCT CAA AAA TAC TTG GAC CAA GTT TTG GAC CAC CAA AGA GCC ATC CCA TTC AGA AGA TTT AAC TCC TCT ATT GGT AGA ACT GCC CAA GGT AAG GAA TTT GGT GTC ACC AAG GCT AGA TGG CCA GCT AAA TCT GTT AAG TTC GTT CAA GGT TTG TTG CAA AAC GCC GCT GCC AAT GCT GAA GCT AAG GGT CTA GAT GCT ACC AAG TTG TAC GTT TCT CAC ATC CAA GTT AAC CAA GCA CCA AAG CAA AGA AGA AGA ACT TAC AGA GCC CAC GGT AGA ATC AAC AAG TAC GAA TCT TCT CCA TCT CAC ATT GAA TTG GTT GTT ACC GAA AAG GAA GAA GCT GTC GCC AAG GCT GCT GAA AAG AAG GTT GTC AGA TTG ACT TCT AGA CAA AGA GGT AGA ATT GCT GCC CAA AAA CGT ATC TCT 
bayanusYJL177W                  ATG GCA AGA TAC GGT GCT ACT TCA ACC AAT CCA GCT AAA TCT GCA TCT GCT CGT GGT TCT TAC TTG CGT GTT TCT TTC AAG AAC ACC AGA GAA ACC GCT CAA GCC ATC AAT GGT TGG GAA TTG ACC AAG GCT CAA AAG TAC TTG GAC CAA GTT TTG GAC CAC CAA AGA GCT ATC CCA TTC AGA AGA TTT AAC TCC TCT ATT GGT AGA ACC GCT CAA GGT AAG GAA TTC GGT GTC ACC AAG GCT AGA TGG CCA GCT AAG TCT GTT AAG TTC GTT CAA GGT TTG TTG CAA AAC GCA GCT GCC AAC GCT GAA GCT AAG GGT CTA GAT GGT ACC AAA CTA TAC GTT TCT CAC ATC CAA GTT AAC CAA GCT CCA AAG CAA AGA AGA AGA ACT TTC AGA GCC CAC GGT AGA ATC AAC AAG TAC GAA TCT TCT CCA TCT CAC ATT GAA TTA GTT GTC ACT GAA AAG GAA GAA GCT GTT GCC AAG GCC GCT GAA AAG AAG GCC GTC AGA TTG ACT TCT AGA CAA AGA GGT AGA ATC GCT GCC CAA AAA CGT ATC TCC 
kluyveriYJL177W                 ATG GCT AGA TAC GGT GCT ACT CAC ACT AAC CCA GCT AAG TCT GCT TCT GCT CGT GGC TCT TAC TTG CGT GTC TCT TTC AAG AAC ACC AGA GAA ACC GCT CAA GCC GTC AAC GGT TGG AAC CTA GAA AAG GCT CAA AAG TAC TTG GAT CAA GTC TTG GAC CAC CAA AGA GCC ATT CCA TTC AGA AGA TTT AAC TCT TCC ATT GGT AGA ACC GCT CAA GGT AAG GAA TTT GGT GTC ACC AAG GCT AGA TGG CCA GCC AAG TCT GTC AAG TTT GTC CAA GGT TTG TTG CAA AAC GCT GCT GCC AAC GCT GAA GCT AAA GGT TTG GAC ACT ACC AAG TTG TAC ATT TCT CAC ATC CAA GTC AAC CAA GCT CCA AAG CAA AGA AGA AGA ACT TTC AGA GCC CAC GGT AGA ATC AAC AAG TAC GAA TCT TCT CCA TCC CAC ATT GAA TTG GTC GTT ACC GAA AAG GAG GAA GCT GTT GAA AAG GCT GCT GAA AAG AAG GTT GTC AGA TTG TCT TCC AGA CAA AGA GGT AGA TTG GCT ACC CAA AAG CGT ATC GCT 



Printing out site pattern counts


         7        318  P

paradoxusYJL177W                AAA AAA AAA AAA AAC AAC AAC AAC AAG AAG AAG AAG AAG AAT ACC ACC ACT ACT ACT ACT ACT ACT ACT AGA AGA ATC ATC ATC ATC ATG ATT ATT ATT CAA CAC CAC CAG CCA CCA CGT CTA CTG GAA GAA GAA GAC GAC GAT GCA GCA GCC GCC GCC GCC GCC GCC GCT GCT GCT GCT GCT GCT GCT GCT GCT GCT GGT GGT GGT GTC GTC GTC GTC GTT GTT GTT GTT GTT GTT TAC TAC TAC TAC TAT TCA TCC TCC TCG TCT TCT TCT TCT TCT TCT TGG TTA TTC TTC TTC TTC TTG TTG TTG TTG TTG TTT 
mikataeYJL177W                  ... ... ... ..G ... ... ..T ..T ..A ... ... ... ... ... ... ... ..C ..C ..G ... ... ... ... ... ..G ... ... ..T ..T ... ... ... ... ... ... ..T ..A ... ... ... ... T.. ... ... ... ... ... ... ... ... ... ... ... ... ... ..T ..C ..C ... ... ... ... ... ... ... ... ..G ... ... A.. ... ... ... ... ... ... ... ... ... ... ... ... ... ..C ... G.. ... ..A ..C ... ... ... ... ... ... ... ... ... ..T ..T C.A ..A ... ... ... ..C 
kudriavzeviiYJL177W             ... ... ... ... ... ... ..T ..T ... ..A ... ... ... ..C ..A ... ..C ..C ... ... ... ... ... ... ... ... ... ... ..T ... ... ... ... ... ... ... ... ... ..T ... ... T.. ... ... ... ... ... ... ... ... ... ... ... ... ... ... ... ... ..C ..C ..C ... ... ... ... ... ... ... ... ... ... ... ... .C. ..C ..C ... ... ... ... ... ... .T. ... ..T G.. ... ..A ... ... ... ... ... ... ... ... ... ... ... ..T ..A ... ..A ... ... ..C 
castelliiYJL177W                ... ..G ..G ..G ... ..T ... .G. ... ... ... ... .GA ..C ..A ... ..C ... ... ..C ... ... T.. ... ... ... ..T ..T ..T ... ..C ... G.C ... ... ... ..A ... ... ... T.. ..A ... ... ... ... ..T ... ..T ..T ... ..T ..T ..T ..T ..T ... ... ..C ..C ... A.. ..C ... ... ... ... ..C ... ... ... ..T ..T ..C ..C ... A.. ..C ... ... ..T .T. ... ..C ..T GAA ..T ..C ... ..C ..C ..C ... ... ... ..G ... ... ..T ... ... ... ... ..A ... ..C 
cerevisiaeYJL177W               ... ... ... ..G ... ... ... ..T ... ... ... ... ... ... ... ... ... ... ..C ... ... ... ... ... ..G ... ... ... ..T ... ... ... ... ... ... ... ..A ... ... ... ... T.. ... ... ... ... ... ... ... ..G ... ... ... ... ... ... ... ... ... ... ... ... ... ..A ..C ... ... ... ... ... ... ... ..T ... ... ... ... ... ... ... ... ... ... ... ... G.. ... ..A ... ... ... ... ... ... ... ..G ... ... ..T ..T ... ... ... ... ... ..C 
bayanusYJL177W                  ..G ... ..G ..G ... ... ..T ..T ... ... ..A ... ... ..C ... ... ..C ..C ... ... ..C ... ... ... ... ... ... ... ..T ... ..C ... ..C ... ... ... ..A ... ... ... ... T.. ... ... ... ... ... ... ... ... ... ... ... ..T ..T ... ... .G. ... ... ..C ... ... ... ..A ... ... ... ... ... ... ..T ... .CC ... ... ... ... ... ... ... .T. ... ..C ..T G.. ... ..A ... ..C ... ... ... ... ... ... ... ... ..T ... C.A ... ... ... ... ..C 
kluyveriYJL177W                 ..G ..G ..G ..G ... ... ... ... ... ..A ... ... ... ..C ..T ... GAA ..C ..C ... ..C ... T.. ... ... ... ... ..T ..T ... T.G ... G.C ... ... ... ..A ... ... ... T.G T.. A.C ... ..G ... ..T ..C ..T ..T ... A.. ... ... ..T ... ... A.. ..C ... ... ... ... ... ... ... ..C ... ... ... ... ..T ..T ... ..C ..C A.. ..C ..C ... ... .T. ... ..C ..T GAA ..T CAC ..C G.. ..C ... ..C ... ... ..G ... ..T ..T ..T ... ... C.A ... ... ..C 

    1    2    1    1    4    1    1    1    1    1    1    8    1    1    1
    3    1    1    1    1    1    1    1   15    1    2    1    1    1    1
    1    1    1   11    3    1    1    4    1    3    1    1    1    8    1
    1    1    1    1    1    1    1    1    1    1    1    1    1    1    1
    1    1    1    1    1    8    1    1    8    1    1    1    1    1    1
    1    1    1    3    2    1    1    1    1    1    1    1    1    1    1
    1    2    1    5    2    1    1    1    1    1    1    1    1    1    3
    1

CODONML (in paml version 4.8a, August 2014)  /Users/xji3/Genconv/IdenticalParalogAlignment/YJL177W_YKL180W/YJL177W_YKL180W_IdenticalParalog_paml_input.fasta
Model: One dN/dS ratio for branches, 
Codon frequency model: F1x4MG
ns =   7  ls = 183

Codon usage in sequences
--------------------------------------------------------------------------------------------------------------------------------------
Phe TTT   1   2   1   1   2   1 | Ser TCT  11  10  12  10  11  11 | Tyr TAT   1   0   1   1   1   0 | Cys TGT   0   0   0   0   0   0
    TTC   4   3   5   5   3   5 |     TCC   2   2   1   5   1   2 |     TAC   5   6   4   4   5   5 |     TGC   0   0   0   0   0   0
Leu TTA   1   2   3   2   0   1 |     TCA   1   2   1   0   2   1 | *** TAA   0   0   0   0   0   0 | *** TGA   0   0   0   0   0   0
    TTG   7   6   6   7   9   7 |     TCG   1   0   0   0   0   0 |     TAG   0   0   0   0   0   0 | Trp TGG   2   2   2   2   2   2
--------------------------------------------------------------------------------------------------------------------------------------
Leu CTT   0   0   0   0   0   0 | Pro CCT   0   0   1   0   0   0 | His CAT   0   1   0   0   0   0 | Arg CGT   3   3   3   3   3   3
    CTC   0   0   0   0   0   0 |     CCC   0   0   0   0   0   0 |     CAC   4   3   4   4   4   4 |     CGC   0   0   0   0   0   0
    CTA   1   2   1   1   1   2 |     CCA   5   5   4   5   5   5 | Gln CAA  11  12  11  12  12  12 |     CGA   0   0   0   0   0   0
    CTG   1   0   0   0   0   0 |     CCG   0   0   0   0   0   0 |     CAG   1   0   1   0   0   0 |     CGG   0   0   0   0   0   0
--------------------------------------------------------------------------------------------------------------------------------------
Ile ATT   3   5   4   5   4   2 | Thr ACT   7   4   5   5   6   4 | Asn AAT   1   3   2   1   2   2 | Ser AGT   0   0   0   0   0   0
    ATC   5   4   4   3   4   6 |     ACC   4   6   5   5   5   7 |     AAC   7   5   6   6   6   6 |     AGC   0   0   0   1   0   0
    ATA   0   0   0   0   0   0 |     ACA   0   0   1   1   0   0 | Lys AAA   5   5   6   1   4   3 | Arg AGA  16  15  16  17  15  16
Met ATG   1   1   1   1   1   1 |     ACG   0   1   0   0   0   0 |     AAG  12  12  11  15  13  14 |     AGG   0   1   0   0   1   0
--------------------------------------------------------------------------------------------------------------------------------------
Val GTT   8   8   5   6   9   8 | Ala GCT  17  16  15  20  15  16 | Asp GAT   1   1   1   2   1   1 | Gly GGT  10   9  10   9  10  11
    GTC   4   3   6   6   3   3 |     GCC   6   8  10   4   8   7 |     GAC   2   2   2   1   2   2 |     GGC   0   0   0   1   0   0
    GTA   0   0   0   0   0   0 |     GCA   2   2   2   0   2   3 | Glu GAA  10  10  10  11  10  10 |     GGA   0   0   0   0   0   0
    GTG   0   0   0   0   0   0 |     GCG   0   0   0   0   1   0 |     GAG   0   0   0   0   0   0 |     GGG   0   1   0   0   0   0
--------------------------------------------------------------------------------------------------------------------------------------

------------------------------------------------------
Phe TTT   3 | Ser TCT  10 | Tyr TAT   0 | Cys TGT   0
    TTC   3 |     TCC   3 |     TAC   5 |     TGC   0
Leu TTA   0 |     TCA   0 | *** TAA   0 | *** TGA   0
    TTG  10 |     TCG   0 |     TAG   0 | Trp TGG   2
------------------------------------------------------
Leu CTT   0 | Pro CCT   0 | His CAT   0 | Arg CGT   3
    CTC   0 |     CCC   0 |     CAC   5 |     CGC   0
    CTA   1 |     CCA   5 | Gln CAA  12 |     CGA   0
    CTG   0 |     CCG   0 |     CAG   0 |     CGG   0
------------------------------------------------------
Ile ATT   4 | Thr ACT   4 | Asn AAT   0 | Ser AGT   0
    ATC   3 |     ACC   7 |     AAC   9 |     AGC   0
    ATA   0 |     ACA   0 | Lys AAA   1 | Arg AGA  16
Met ATG   1 |     ACG   0 |     AAG  16 |     AGG   0
------------------------------------------------------
Val GTT   3 | Ala GCT  19 | Asp GAT   1 | Gly GGT   9
    GTC   9 |     GCC   5 |     GAC   2 |     GGC   1
    GTA   0 |     GCA   0 | Glu GAA  10 |     GGA   0
    GTG   0 |     GCG   0 |     GAG   1 |     GGG   0
------------------------------------------------------

Codon position x base (3x4) table for each sequence.

#1: paradoxusYJL177W
position  1:    T:0.19672    C:0.14208    A:0.33333    G:0.32787
position  2:    T:0.19672    C:0.30601    A:0.32787    G:0.16940
position  3:    T:0.34426    C:0.23497    A:0.28415    G:0.13661
Average         T:0.24590    C:0.22769    A:0.31512    G:0.21129

#2: mikataeYJL177W 
position  1:    T:0.19126    C:0.14208    A:0.33880    G:0.32787
position  2:    T:0.19672    C:0.30601    A:0.32787    G:0.16940
position  3:    T:0.33880    C:0.22951    A:0.30055    G:0.13115
Average         T:0.24226    C:0.22587    A:0.32240    G:0.20947

#3: kudriavzeviiYJL177W
position  1:    T:0.19672    C:0.13661    A:0.33333    G:0.33333
position  2:    T:0.19672    C:0.31148    A:0.32240    G:0.16940
position  3:    T:0.32787    C:0.25683    A:0.30055    G:0.11475
Average         T:0.24044    C:0.23497    A:0.31876    G:0.20583

#4: castelliiYJL177W
position  1:    T:0.20219    C:0.13661    A:0.33333    G:0.32787
position  2:    T:0.20219    C:0.30055    A:0.31694    G:0.18033
position  3:    T:0.34426    C:0.24590    A:0.27322    G:0.13661
Average         T:0.24954    C:0.22769    A:0.30783    G:0.21494

#5: cerevisiaeYJL177W
position  1:    T:0.19672    C:0.13661    A:0.33333    G:0.33333
position  2:    T:0.19672    C:0.30601    A:0.32787    G:0.16940
position  3:    T:0.34973    C:0.22404    A:0.27869    G:0.14754
Average         T:0.24772    C:0.22222    A:0.31330    G:0.21676

#6: bayanusYJL177W 
position  1:    T:0.19126    C:0.14208    A:0.33333    G:0.33333
position  2:    T:0.19672    C:0.30601    A:0.32240    G:0.17486
position  3:    T:0.32240    C:0.25683    A:0.28962    G:0.13115
Average         T:0.23679    C:0.23497    A:0.31512    G:0.21311

#7: kluyveriYJL177W
position  1:    T:0.19672    C:0.14208    A:0.33333    G:0.32787
position  2:    T:0.20219    C:0.28962    A:0.33880    G:0.16940
position  3:    T:0.30601    C:0.28415    A:0.24590    G:0.16393
Average         T:0.23497    C:0.23862    A:0.30601    G:0.22040

Sums of codon usage counts
------------------------------------------------------------------------------
Phe F TTT      11 | Ser S TCT      75 | Tyr Y TAT       4 | Cys C TGT       0
      TTC      28 |       TCC      16 |       TAC      34 |       TGC       0
Leu L TTA       9 |       TCA       7 | *** * TAA       0 | *** * TGA       0
      TTG      52 |       TCG       1 |       TAG       0 | Trp W TGG      14
------------------------------------------------------------------------------
Leu L CTT       0 | Pro P CCT       1 | His H CAT       1 | Arg R CGT      21
      CTC       0 |       CCC       0 |       CAC      28 |       CGC       0
      CTA       9 |       CCA      34 | Gln Q CAA      82 |       CGA       0
      CTG       1 |       CCG       0 |       CAG       2 |       CGG       0
------------------------------------------------------------------------------
Ile I ATT      27 | Thr T ACT      35 | Asn N AAT      11 | Ser S AGT       0
      ATC      29 |       ACC      39 |       AAC      45 |       AGC       1
      ATA       0 |       ACA       2 | Lys K AAA      25 | Arg R AGA     111
Met M ATG       7 |       ACG       1 |       AAG      93 |       AGG       2
------------------------------------------------------------------------------
Val V GTT      47 | Ala A GCT     118 | Asp D GAT       8 | Gly G GGT      68
      GTC      34 |       GCC      48 |       GAC      13 |       GGC       2
      GTA       0 |       GCA      11 | Glu E GAA      71 |       GGA       0
      GTG       0 |       GCG       1 |       GAG       1 |       GGG       1
------------------------------------------------------------------------------


Codon position x base (3x4) table, overall

position  1:    T:0.19594    C:0.13973    A:0.33411    G:0.33021
position  2:    T:0.19828    C:0.30367    A:0.32631    G:0.17174
position  3:    T:0.33333    C:0.24746    A:0.28181    G:0.13739
Average         T:0.24252    C:0.23029    A:0.31408    G:0.21311

Codon frequencies under model, for use in evolver (TTT TTC TTA TTG ... GGG):
  0.01511623  0.01435393  0.01957650  0.01328347
  0.01435393  0.01363008  0.01858927  0.01261360
  0.01957650  0.01858927  0.00000000  0.00000000
  0.01328347  0.01261360  0.00000000  0.01167292
  0.01435393  0.01363008  0.01858927  0.01261360
  0.01363008  0.01294272  0.01765183  0.01197750
  0.01858927  0.01765183  0.02407430  0.01633542
  0.01261360  0.01197750  0.01633542  0.01108427
  0.01957650  0.01858927  0.02535282  0.01720295
  0.01858927  0.01765183  0.02407430  0.01633542
  0.02535282  0.02407430  0.03283354  0.02227893
  0.01720295  0.01633542  0.02227893  0.01511718
  0.01328347  0.01261360  0.01720295  0.01167292
  0.01261360  0.01197750  0.01633542  0.01108427
  0.01720295  0.01633542  0.02227893  0.01511718
  0.01167292  0.01108427  0.01511718  0.01025764



Nei & Gojobori 1986. dN/dS (dN, dS)
(Note: This matrix is not used in later ML. analysis.
Use runmode = -2 for ML pairwise comparison.)

paradoxusYJL177W    
mikataeYJL177W       0.0214 (0.0048 0.2260)
kudriavzeviiYJL177W  0.0409 (0.0072 0.1772) 0.0306 (0.0072 0.2369)
castelliiYJL177W     0.0463 (0.0232 0.5007) 0.0379 (0.0232 0.6121) 0.0481 (0.0256 0.5327)
cerevisiaeYJL177W    0.0184 (0.0024 0.1311) 0.0136 (0.0024 0.1774) 0.0222 (0.0048 0.2170) 0.0412 (0.0207 0.5025)
bayanusYJL177W       0.0377 (0.0097 0.2570) 0.0409 (0.0097 0.2365) 0.0320 (0.0072 0.2267) 0.0554 (0.0232 0.4179) 0.0293 (0.0072 0.2473)
kluyveriYJL177W      0.0885 (0.0451 0.5094) 0.0883 (0.0451 0.5101) 0.1117 (0.0476 0.4261) 0.0924 (0.0355 0.3847) 0.0997 (0.0425 0.4261) 0.1060 (0.0451 0.4251)


TREE #  1:  ((((((5, 1), 2), 3), 6), 4), 7);   MP score: 136
This is a rooted tree.  Please check!
check convergence..
lnL(ntime: 12  np: 17):  -1383.354421      +0.000000
   8..9     9..10   10..11   11..12   12..13   13..5    13..1    12..2    11..3    10..6     9..4     8..7  
 0.097661 0.173510 0.062934 0.022666 0.023425 0.038710 0.060744 0.080237 0.078191 0.042699 0.142200 0.124495 6.992026 1.375605 1.193713 1.654442 0.076867
SEs for parameters:
 625374.623629 0.044234 0.025949 0.015462 0.016858 0.018060 0.021573 0.024605 0.025687 0.023433 0.037305 625374.637265 1.743684 0.220520 0.144125 0.230486 0.020114

Note: Branch length is defined as number of nucleotide substitutions per codon (not per neucleotide site).

tree length =   0.94747

((((((5: 0.038710, 1: 0.060744): 0.023425, 2: 0.080237): 0.022666, 3: 0.078191): 0.062934, 6: 0.042699): 0.173510, 4: 0.142200): 0.097661, 7: 0.124495);

((((((cerevisiaeYJL177W: 0.038710, paradoxusYJL177W: 0.060744): 0.023425, mikataeYJL177W: 0.080237): 0.022666, kudriavzeviiYJL177W: 0.078191): 0.062934, bayanusYJL177W: 0.042699): 0.173510, castelliiYJL177W: 0.142200): 0.097661, kluyveriYJL177W: 0.124495);

Detailed output identifying parameters

kappa (ts/tv) =  6.99203

Frequency parameters:
   0.26334 (T)   0.22852 (C)   0.31671 (A)   0.19143 (G)
Equilibrium codon frequencies (evolver-style):
  0.01939279  0.01682855  0.02332374  0.01409765
  0.01682855  0.01460337  0.02023972  0.01223357
  0.02332374  0.02023972  0.00000000  0.00000000
  0.01409765  0.01223357  0.00000000  0.01024833
  0.01682855  0.01460337  0.02023972  0.01223357
  0.01460337  0.01267242  0.01756350  0.01061597
  0.02023972  0.01756350  0.02434234  0.01471333
  0.01223357  0.01061597  0.01471333  0.00889323
  0.02332374  0.02023972  0.02805149  0.01695526
  0.02023972  0.01756350  0.02434234  0.01471333
  0.02805149  0.02434234  0.03373756  0.02039212
  0.01695526  0.01471333  0.02039212  0.01232568
  0.01409765  0.01223357  0.01695526  0.01024833
  0.01223357  0.01061597  0.01471333  0.00889323
  0.01695526  0.01471333  0.02039212  0.01232568
  0.01024833  0.00889323  0.01232568  0.00745005

omega (dN/dS) =  0.07687

dN & dS for each branch

 branch          t       N       S   dN/dS      dN      dS  N*dN  S*dS

   8..9      0.098   377.6   171.4  0.0769  0.0069  0.0892   2.6  15.3
   9..10     0.174   377.6   171.4  0.0769  0.0122  0.1584   4.6  27.2
  10..11     0.063   377.6   171.4  0.0769  0.0044  0.0575   1.7   9.8
  11..12     0.023   377.6   171.4  0.0769  0.0016  0.0207   0.6   3.5
  12..13     0.023   377.6   171.4  0.0769  0.0016  0.0214   0.6   3.7
  13..5      0.039   377.6   171.4  0.0769  0.0027  0.0353   1.0   6.1
  13..1      0.061   377.6   171.4  0.0769  0.0043  0.0555   1.6   9.5
  12..2      0.080   377.6   171.4  0.0769  0.0056  0.0732   2.1  12.6
  11..3      0.078   377.6   171.4  0.0769  0.0055  0.0714   2.1  12.2
  10..6      0.043   377.6   171.4  0.0769  0.0030  0.0390   1.1   6.7
   9..4      0.142   377.6   171.4  0.0769  0.0100  0.1298   3.8  22.3
   8..7      0.124   377.6   171.4  0.0769  0.0087  0.1136   3.3  19.5

tree length for dN:       0.0665
tree length for dS:       0.8649



TREE #  2:  ((((((5, 1), 2), 3), 6), 4), 7);   MP score: 136
This is a rooted tree.  Please check!
lnL(ntime: 12  np: 17):  -1383.354421      +0.000000
   8..9     9..10   10..11   11..12   12..13   13..5    13..1    12..2    11..3    10..6     9..4     8..7  
 0.125223 0.173510 0.062934 0.022666 0.023425 0.038710 0.060743 0.080237 0.078191 0.042699 0.142200 0.096932 6.991989 1.375605 1.193712 1.654442 0.076867
SEs for parameters:
 300408.849507 0.044389 0.025949 0.015463 0.017112 0.018070 0.021573 0.024632 0.025691 0.023509 0.037323 300408.832443 1.743603 0.220558 0.144138 0.230373 0.020202

Note: Branch length is defined as number of nucleotide substitutions per codon (not per neucleotide site).

tree length =   0.94747

((((((5: 0.038710, 1: 0.060743): 0.023425, 2: 0.080237): 0.022666, 3: 0.078191): 0.062934, 6: 0.042699): 0.173510, 4: 0.142200): 0.125223, 7: 0.096932);

((((((cerevisiaeYJL177W: 0.038710, paradoxusYJL177W: 0.060743): 0.023425, mikataeYJL177W: 0.080237): 0.022666, kudriavzeviiYJL177W: 0.078191): 0.062934, bayanusYJL177W: 0.042699): 0.173510, castelliiYJL177W: 0.142200): 0.125223, kluyveriYJL177W: 0.096932);

Detailed output identifying parameters

kappa (ts/tv) =  6.99199

Frequency parameters:
   0.26334 (T)   0.22852 (C)   0.31671 (A)   0.19143 (G)
Equilibrium codon frequencies (evolver-style):
  0.01939282  0.01682855  0.02332377  0.01409766
  0.01682855  0.01460335  0.02023972  0.01223356
  0.02332377  0.02023972  0.00000000  0.00000000
  0.01409766  0.01223356  0.00000000  0.01024833
  0.01682855  0.01460335  0.02023972  0.01223356
  0.01460335  0.01267239  0.01756347  0.01061595
  0.02023972  0.01756347  0.02434234  0.01471332
  0.01223356  0.01061595  0.01471332  0.00889322
  0.02332377  0.02023972  0.02805152  0.01695528
  0.02023972  0.01756347  0.02434234  0.01471332
  0.02805152  0.02434234  0.03373760  0.02039213
  0.01695528  0.01471332  0.02039213  0.01232568
  0.01409766  0.01223356  0.01695528  0.01024833
  0.01223356  0.01061595  0.01471332  0.00889322
  0.01695528  0.01471332  0.02039213  0.01232568
  0.01024833  0.00889322  0.01232568  0.00745005

omega (dN/dS) =  0.07687

dN & dS for each branch

 branch          t       N       S   dN/dS      dN      dS  N*dN  S*dS

   8..9      0.125   377.6   171.4  0.0769  0.0088  0.1143   3.3  19.6
   9..10     0.174   377.6   171.4  0.0769  0.0122  0.1584   4.6  27.2
  10..11     0.063   377.6   171.4  0.0769  0.0044  0.0575   1.7   9.8
  11..12     0.023   377.6   171.4  0.0769  0.0016  0.0207   0.6   3.5
  12..13     0.023   377.6   171.4  0.0769  0.0016  0.0214   0.6   3.7
  13..5      0.039   377.6   171.4  0.0769  0.0027  0.0353   1.0   6.1
  13..1      0.061   377.6   171.4  0.0769  0.0043  0.0555   1.6   9.5
  12..2      0.080   377.6   171.4  0.0769  0.0056  0.0732   2.1  12.6
  11..3      0.078   377.6   171.4  0.0769  0.0055  0.0714   2.1  12.2
  10..6      0.043   377.6   171.4  0.0769  0.0030  0.0390   1.1   6.7
   9..4      0.142   377.6   171.4  0.0769  0.0100  0.1298   3.8  22.3
   8..7      0.097   377.6   171.4  0.0769  0.0068  0.0885   2.6  15.2

tree length for dN:       0.0665
tree length for dS:       0.8649


Tree comparisons (Kishino & Hasegawa 1989; Shimodaira & Hasegawa 1999)
Number of replicates: 10000

  tree           li       Dli     +- SE     pKH       pSH    pRELL

     1    -1383.354    -0.000     0.000   0.500     0.491    0.499
     2*   -1383.354     0.000     0.000  -1.000    -1.000    0.501

pKH: P value for KH normal test (Kishino & Hasegawa 1989)
pRELL: RELL bootstrap proportions (Kishino & Hasegawa 1989)
pSH: P value with multiple-comparison correction (MC in table 1 of Shimodaira & Hasegawa 1999)
(-1 for P values means N/A)

Time used:  0:17
