      7    465

kluyveriYIL057C                 ATG GGT AAA AAG GAC AAG CCA AAG ATC GCC ACC ATT ACA AAT AAA CAA GGT GAA ACG ATA AAG GTC TTT GAA GAT TTG GAG ACA TTT GAA ACG TAT CTA AAA AAC GAA ACC GAG GAT GAA GAA TTC GAT CAT CTG CAC TGT CAG GTT AAA TAC TAT CCA CCA TTT GTA TTG CAT GAG TCG CAT GAC GAC CCG GAG AGG ATA AGT GAT TCG GCG AAC AGC CAT AGC AAG AAG TTT GTC CGC CAC TTG CAT CAG CAT GTT GAA AAA CAT TTG TTG AAA GAT ATC AAA CAG TCG ACT GGT TTG TCC GAC CTG AAG TTT AAG GGC AAA TCT AAG GAA GAA GAT TTT AAC CAT GTG ATG TGG CGT TAT AAC GAC GTG GCT CAG GTT CAT GGT AAG GAT TTC AAA ATT TAC GTC ACC GTC CAG TGT CAC AAT GAC AGT GCC ATG GTT GAT GTT GAT TAC ATG ACA GAA CCT 
castelliiYIL057C                ATG ACC AAG AAG GAT AAG CCA AAA GTT ACC ACC GTC ACC ACC AAG TCC GGT GAA CAA TTG AAG GTC TTC GAG GAA TTG GAC GAT TTC GAA AGA TAT TTG AGA GAG GAA GTG GAA GAC AGT AAC GTC GAC AAC ATG CAT TTA CAA TTG AAT TAC TAC CCA CCA TTT GTG TTG CAC CAC ATC CAT GAT GAT CCT GAT AAC ATT AAG GAC ACC GAT AAT TCG CAT AAC AAG AAG TTC GTG CGT CAT TTG CAT CAA CAT GTC GAA AAG CAT TTG TTG AAG GAC ATT AAG GAA GCC TTA CAG GAT CCT GAT TTG AAA TTC AAG GAT AAA TCA AAG GAT GAA TCT TTT GAA GGT ATC GTA TGG CAT TAC GCT CAG GAT ACT CAA GTG AAA AAC AAG AAA TTC AAG GTC CAA GTC AAC GTT TCT TGT AAT CAT ACT GAT GCA ATG GTC GCT GTC GAT TAT CAA ACA ATG CCA 
bayanusYIL057C                  ATG GTG AAA AAA GAC AAG CCC AAG ATG TCC ACT ATC ACC ACC AAG AGC GGC GAG TCT CTG AAG GTT TTT GAG GAT ATG CAC GAT TTT GGA ACG TAC CTG AAG AAC GAG ACG GAG GAC CAG GAG TTC GAC CAT GTC CAC TGC CAA TTG AAG TAC TAT CCG CCA TTT GTG TTG CAT GAC GCA CAT GAC GAC CCT GAA AAG ATC AAG GAG ACC GCC AAT TCG CAC TCC AAG AAG TTC GTG CGC CAT CTG CAC CAG CAT GTG GAA AAG CAC TTG CTC ATG GAC ATC AAG ACT GCC ATC AAC AAG CCC GAA TTG AAG TTC CAC GAC AAG AAG AAG CAG GAG TCG TTT GAT AAG ATC ATC TGG AAC TAC GGC GAA GAA ACA GAG CTC AAC GCC AAG AAA TTC AAG GTC TCG GTC GAA GTC ACG TGC AAC CAC GAC GGT GCC ATG GTG GCT GTT GAC TAC AAG ACA GAG CCC 
mikataeYIL057C                  ATG ACG AAA AAA GAT AAG CCT AAG ATG TCC ACC ATT ACC ACC AAA AGT GGC GAA TCC TTG AAA GTC TTT GAA GAT TTG CAT GAT TTT GGA ACA TAT TTG AAG GGC GAG ACG GAA GAC CAA GAG TTC GAT CAC GTT CAC TGC CAA TTG AAG TAT TAT CCG CCT TTT GTA TTG CAT GAT GCG CAC GAC GAT CCG GAA AAG ATC AAA GAA ACG GCC AAC TCG CAC TCG AAG AAG TTT GTT CGT CAT TTA CAC CAG CAT GTT GAG AAA CAT TTG TTG AAG GAC ATC AAG ACC GCC ATC AAC AAG CCG GAA TTG AAA TTC CAT GAT AAG AAA AAG CAA GAG TCC TTT GAA AAG ATC GTC TGG AAT TAT GGT GAA GAA ACG GAG TTG AAC GCC AAG AAA TTT AAG GTA TCC GTT GAA GTC GTA TGT AAG CAC GAT GGT GCG ATG GTG GAT GTT GAT TAC AAG ACA GAA CCC 
cerevisiaeYIL057C               ATG ACG AAA AAG GAT AAG CCT AAG ATG TCC ACC ATC ACT ACA AAA AGT GGT GAG TCC TTA AAG GTT TTT GAG GAT TTG CAT GAT TTT GAA ACA TAT TTA AAG GGT GAG ACG GAA GAT CAA GAG TTC GAC CAT GTC CAT TGC CAA CTG AAG TAC TAT CCA CCC TTT GTC CTG CAT GAT GCG CAT GAT GAT CCG GAA AAG ATC AAA GAG ACT GCC AAT TCG CAC TCT AAG AAG TTT GTT CGC CAT TTA CAC CAG CAT GTT GAG AAG CAC CTG CTA AAG GAC ATC AAA ACC GCT ATC AAC AAG CCA GAA TTG AAA TTC CAC GAT AAG AAA AAG CAG GAA TCC TTT GAC CGG ATT GTT TGG AAT TAT GGC GAA GAA ACG GAG TTG AAC GCC AAG AAA TTC AAG GTG TCT GTC GAA GTT GTA TGT AAA CAC GAT GGC GCA ATG GTA GAT GTT GAT TAC AAG ACA GAA CCC 
kudriavzeviiYIL057C             ATG ACT AAA AAG GAT AAA CCT AAG ATG TCC ACC GTC ACT ACC AAA AGC GGC GAG TCT CTG AAG GTT TTT GAG GAC TTG CAC GAT TTT GAA ACT TAT CTG AAG GGC GAA ACG GAG GAC CAG GAG TTC GAC CAC GTT CAC TGC CAA TTG AAG TAC TAT CCG CCA TTT GTG TTG CAC GAT GCG CAT GAC GAT CCA GAA AAG ATC AAA GAA ACC GCC AAT TCG CAC TCC AAG AAG TTT GTT CGC CAT CTG CAC CAG CAT GTT GAA AAG CAC TTG CTC AAG GAC ATC AAG ACC GCA ATT AAC AAA CCT GAA TTG AAA TTT CAT GAC AAA AAA AAA CAG GAG TCG TTT GAC AAG ATT GTT TGG AAC TAC GGC GAA GAA ACG GAG TTG AAC GCC AAG AAA TTT AAG GTT TGC GTT GAA GTC GTG TGT AAG CAC GAT GGT GCG ATG GTC GAT GTT GAC TAC AAG ACG GAA CCC 
paradoxusYIL057C                ATG ACT AAG AAG GAC AAG CCT AAG ATG TCC ACC GTT ACT ACC AAA AGT GGT GAA TCT TTA AAG GTT TTT GAG GAT TTG CAT GAT TTT GAA ACG TAT TTG AAG GGC GAG ACG GAA GAC CAG GAG TTC GAC CAT GTT CAC TGC CAA TTG AAG TAC TAT CCG CCA TTT GTA TTG CAT GAT GCG CAT GAC GAT CCG GAA AAG ATC AAA GAG ACT GCG AAC TCT CAT TCT AAA AAG TTT GTT CGC CAT TTA CAC CAG CAT GTT GAG AAG CAC CTG TTA AAG GAC ATT AAA ACC GCC ATC AAC AAG CCG GAA TTG AAA TTC CAT GAT AAG AAA AAG CAG GAG TCA TTC GAT AAG ATT GTT TGG AAT TAT GGT GAA GAA ACA GAG TTG AAC GCC AAG AAA TTC AAG GTG TCT GTT GAA GTC GTA TGT AAC CAC GAT GGT GCA ATG GTA GAT GTC GAT TAC AAG ACA GAA CCC 



Printing out site pattern counts


         7        453  P

kluyveriYIL057C                 AAA AAA AAA AAA AAA AAA AAA AAA AAA AAC AAC AAC AAC AAG AAG AAG AAG AAG AAG AAG AAG AAT AAT ACA ACA ACA ACC ACC ACC ACG ACG ACT AGC AGC AGG AGT AGT ATA ATA ATC ATC ATG ATG ATG ATT ATT CAA CAC CAC CAC CAG CAG CAG CAG CAG CAT CAT CAT CAT CAT CAT CAT CAT CAT CCA CCA CCA CCG CCT CGC CGT CTA CTG CTG GAA GAA GAA GAA GAA GAA GAA GAA GAA GAA GAC GAC GAC GAC GAC GAC GAG GAG GAG GAG GAT GAT GAT GAT GAT GAT GAT GAT GAT GCC GCC GCG GCT GGC GGT GGT GGT GGT GTA GTC GTC GTC GTC GTG GTG GTT GTT GTT GTT GTT TAC TAC TAC TAT TAT TAT TCC TCG TCG TCG TCT TGG TGT TGT TTC TTC TTG TTG TTG TTG TTG TTG TTT TTT TTT TTT TTT 
castelliiYIL057C                ... ..G ..G ..G ..G ..G ..G ..T .G. ..T G.A G.G GCT ..A ..A ... ... ... ... ... ... .CC C.. ... ..C GAT .A. ... GTG .GA CAA TTA .A. TCG .AC .AG GA. ..T T.G ..T G.T ... CAA G.A G.C G.C TCC A.T ..T ..T ..A ..A ..A G.A TCT A.A A.C ..C ... ... ... ... ... GG. ... ... ... ..T ..A ..T .A. T.G A.. T.. A.C AGT ATG ... ... ... ... ... ..G ..T ACT C.G ..T ..T ..T ..T C.C ..A ..C ..T A.A ..A ..C ..C ..C ..C ... .C. TC. A.. ..A .AT A.. .AT AAC ACC CAG ... ..G ... ... ..G ..T A.C .AT ..C ..C ..C ..G T.G C.A ... ..T ..C ..C ... C.T A.C ATC G.C ..A ... ... .TA G.. ... GAT ... ... ... ... ... ..C ..C ..C ... ... 
bayanusYIL057C                  ..G ... ..G ..G ..G ..G .TG ..G ..G ..T G.T ... GG. ... ... ..A ... ... ... ... C.C .CC C.C ... ..C GAT GAA ..T ..G ... T.T .TC TC. TCG .A. .AG G.. ..C C.G ... ..G ... .A. ..C ..C G.C AGC A.. ... ..T ..A ... G.. ACT AC. A.C ... ... ..C ..C ..C ... ... A.G ... ..C ..G ..T ..C ... AAC ..G G.C T.. ..G C.G ..G ... ..G ..G ..G .G. ..G C.G ... ..A ..A ... ... ... ..C ... C.C ..A A.A ... ..C ..C ..C ..G ..C .C. TCG T.. ... ..C A.A .A. .CC .TG AAC ..C ..G ... ..T ..G ... A.C .AA ..G ..G ... C.C T.G .CG ... ... ..C ... ..C C.. A.C G.A G.C AAG ... ..C ..C ... ... AA. A.. C.C C.. ... ... ..C ..C ... ... ... 
mikataeYIL057C                  ..G ... ... ... ..G ..G ..G ..G ..G ... G.A GG. GGT ..A ... ..A ..A ... ... ... C.T .CC C.C ... ..C GAT GAA ... ..G ..A T.C .TC TCG TCG .A. .AA G.. ..C T.G ... ..G ... .A. G.C ... G.A AGT A.G ... ..T ..A ... G.. ACC GTA A.C ..C ... ..C ..C ... ..C ... A.G ..T ..T ..G ... ..C ..T AA. T.G G.T T.. ..G C.. ... ..G ... ..G ..G .G. ... C.. ..T ..A ..A ... ..T ..T ..T ..A C.T ..A A.A ... ..C ..C ... ..A ... ... TCC T.. ..G ..C A.G .AT .CC ACG AAC ..C ... ..T ... ..T ... A.C .AA ..G ... ... T.G T.G .C. ..T ... ... ... ... C.G A.. G.. G.C AAA ... ... ..C ... ..T AA. ... ... ..A ... ... ..C ... ... ... ... 
cerevisiaeYIL057C               ..G ... ... ..G ... ..G ..G ..G ..G ..T G.. GGT GG. ..A ... ... ... ... ... ... C.C .CA C.C ... ..T GAT GAA ... ..G ..A T.C .TC TCT TCG .A. .AA G.C ..C T.. ... ..G ... .A. G.T ..C G.G AGT A.A ..T ..T ..A ... G.. ACC GTA A.C ... ... ..C ..C ..C ... ... .GG ..C ..T ... ... ..C ... AA. T.. G.C T.. ..G C.. ... ..G ..G ... ..G ... ..G C.G ..T ..A ..A ..T ..T ..T ..T ..A C.T ..A A.A ... ..C ... ..C ..G ... ... TCC T.. ..A ..C A.G .AT .CC ACG AAC ... ..C ... ..T ..T ..T A.T .AA ..A ... ... T.G C.G .CT ... ... ... ... ... C.A A.T G.. G.T AAA ... ... ..C ... ... AA. ... C.A ..A C.. C.. ..C ... ... ... ... 
kudriavzeviiYIL057C             ... ... ... ..G ..G ..G ..G ..G ..G ..T G.. GG. GG. ..A ... ... ... ..A ... ... C.T .CC C.C ..G ..T GAT GAA ... ..G ..T T.T .T. TC. TCG .A. .AA G.. ..C C.G ... ..G ... .A. G.T G.C G.. AGC A.G ... ..T ..A ... G.. ACC GT. A.C ..C ..C ..C ..C ..C ... ... A.G ... ..T ..G ..A ..C ... AAC ..G G.T T.. ..G C.G ... ... ..G ..G ... ... ..G C.G ..T ..A ..A ... ..T ..T ..T ... C.C ..A A.A ..C ..C ..C ..C ..A ..C ... TCG T.. ..G ..C A.G .A. .CC AC. AAC ..C ..G ..T ..T ..T ... A.T .AA ..C ... ... T.G T.G .G. ... ... ..C ... ... C.T A.C G.. G.A AAA ... ... ..C ... ..T AAA ... C.C C.. ... ... ... ... ... ... ... 
paradoxusYIL057C                ..G ..G ... ..G ... ..G ..G ..G ..G ... G.T GG. GGT ..A ... ... ... ... ..A ... C.T .CC C.C ... ..T GAT GAA ... ..G ... T.T .TC TCT TCT .A. .AA G.. ..C T.. ..T ..G ... .A. G.T G.. G.G AGT A.. ... ..T ..A ... G.. ACC GTA A.C ... ... ..C ... ..C ... ... A.G ... ..T ..G ... ..C ... AA. T.G G.T T.. ..G C.G ... ..G ... ..G ..G ... ..G C.G ..T ..A ..A ... ... ..T ..T ..A C.T ..A A.A ... ..C ..C ..C ..G ... ... TCA T.. ..A ... A.A .AT .CC AC. AAC ... ... ..T ..T ..T ... A.T .AA ..A ... ..C T.G T.G .CT ... ... ... ... ... C.G A.T G.. G.C AAA ... ... ..C ... ... AA. ... ..A ..A C.. ... ..C ... ... ..C ... 

    1    1    1    1    1    1    1    1    1    1    1    1    1    1    1
    1    1    2    1    2    1    1    1    1    1    1    1    1    1    1
    1    1    1    1    1    1    1    1    1    1    1    2    1    1    1
    1    1    1    1    1    1    1    1    1    1    1    1    1    1    1
    1    1    1    1    1    1    1    1    1    1    1    1    1    1    1
    1    1    1    1    1    1    1    1    1    1    1    1    1    1    1
    1    1    1    1    1    1    1    1    1    1    1    1    1    1    1
    1    1    1    1    1    1    1    1    1    1    1    1    1    1    1
    1    1    1    1    1    1    1    1    1    1    1    1    1    1    1
    1    1    1    1    1    1    1    1    1    1    1    1    1    2    1
    1

CODONML (in paml version 4.8a, August 2014)  /Users/xji3/Genconv/IdenticalParalogAlignment/YIL057C_YER067W/YIL057C_YER067W_IdenticalParalog_paml_input.fasta
Model: One dN/dS ratio for branches, 
Codon frequency model: F1x4MG
ns =   7  ls = 155

Codon usage in sequences
--------------------------------------------------------------------------------------------------------------------------------------
Phe TTT   6   2   4   6   5   7 | Ser TCT   1   2   1   0   2   1 | Tyr TAT   3   2   1   4   3   2 | Cys TGT   2   1   0   1   1   1
    TTC   2   5   4   2   3   1 |     TCC   1   1   2   4   3   2 |     TAC   3   3   4   1   2   3 |     TGC   0   0   2   1   1   2
Leu TTA   0   2   0   1   3   0 |     TCA   0   1   0   0   0   0 | *** TAA   0   0   0   0   0   0 | *** TGA   0   0   0   0   0   0
    TTG   6   9   4   9   3   6 |     TCG   3   1   3   2   1   2 |     TAG   0   0   0   0   0   0 | Trp TGG   1   1   1   1   1   1
--------------------------------------------------------------------------------------------------------------------------------------
Leu CTT   0   0   0   0   0   0 | Pro CCT   1   2   1   2   1   2 | His CAT   9   9   5   6   7   4 | Arg CGT   1   1   0   1   0   0
    CTC   0   0   2   0   0   1 |     CCC   0   0   3   1   2   1 |     CAC   3   2   7   6   5   8 |     CGC   1   0   1   0   1   1
    CTA   1   0   0   0   1   0 |     CCA   3   4   1   0   2   2 | Gln CAA   1   6   1   3   2   1 |     CGA   0   0   0   0   0   0
    CTG   2   0   3   0   3   3 |     CCG   1   0   1   3   1   1 |     CAG   5   2   3   1   2   3 |     CGG   0   0   0   0   1   0
--------------------------------------------------------------------------------------------------------------------------------------
Ile ATT   2   2   0   1   1   2 | Thr ACT   1   2   2   0   2   3 | Asn AAT   2   3   1   1   2   1 | Ser AGT   2   1   0   1   1   0
    ATC   2   2   6   4   4   2 |     ACC   3   6   3   4   2   4 |     AAC   4   6   5   3   2   3 |     AGC   2   0   1   0   0   1
    ATA   2   0   0   0   0   0 |     ACA   3   1   2   2   3   0 | Lys AAA   9   5   3   9   8  10 | Arg AGA   0   2   0   0   0   0
Met ATG   4   4   5   3   3   3 |     ACG   2   0   3   4   3   3 |     AAG  10  15  21  17  17  16 |     AGG   1   0   0   0   0   0
--------------------------------------------------------------------------------------------------------------------------------------
Val GTT   5   2   2   5   6   8 | Ala GCT   1   2   1   0   1   0 | Asp GAT   9  13   3  10  11   6 | Gly GGT   4   2   1   2   2   1
    GTC   4   8   4   3   3   3 |     GCC   2   1   4   3   2   2 |     GAC   6   5  10   3   3   8 |     GGC   1   0   2   2   2   3
    GTA   1   1   0   3   2   0 |     GCA   0   1   1   0   1   1 | Glu GAA  10   9   6  11   9  10 |     GGA   0   0   1   1   0   0
    GTG   2   4   5   1   1   2 |     GCG   1   0   0   2   1   2 |     GAG   4   2   9   5   7   6 |     GGG   0   0   0   0   0   0
--------------------------------------------------------------------------------------------------------------------------------------

------------------------------------------------------
Phe TTT   4 | Ser TCT   4 | Tyr TAT   3 | Cys TGT   1
    TTC   4 |     TCC   1 |     TAC   2 |     TGC   1
Leu TTA   3 |     TCA   1 | *** TAA   0 | *** TGA   0
    TTG   6 |     TCG   0 |     TAG   0 | Trp TGG   1
------------------------------------------------------
Leu CTT   0 | Pro CCT   1 | His CAT   8 | Arg CGT   0
    CTC   0 |     CCC   1 |     CAC   4 |     CGC   1
    CTA   0 |     CCA   1 | Gln CAA   1 |     CGA   0
    CTG   1 |     CCG   3 |     CAG   3 |     CGG   0
------------------------------------------------------
Ile ATT   2 | Thr ACT   3 | Asn AAT   1 | Ser AGT   1
    ATC   2 |     ACC   3 |     AAC   4 |     AGC   0
    ATA   0 |     ACA   2 | Lys AAA   7 | Arg AGA   0
Met ATG   3 |     ACG   2 |     AAG  18 |     AGG   0
------------------------------------------------------
Val GTT   7 | Ala GCT   0 | Asp GAT   9 | Gly GGT   3
    GTC   2 |     GCC   2 |     GAC   5 |     GGC   1
    GTA   3 |     GCA   1 | Glu GAA   9 |     GGA   0
    GTG   1 |     GCG   2 |     GAG   7 |     GGG   0
------------------------------------------------------

Codon position x base (3x4) table for each sequence.

#1: kluyveriYIL057C
position  1:    T:0.18065    C:0.18065    A:0.31613    G:0.32258
position  2:    T:0.25161    C:0.14839    A:0.50323    G:0.09677
position  3:    T:0.31613    C:0.21935    A:0.19355    G:0.27097
Average         T:0.24946    C:0.18280    A:0.33763    G:0.23011

#2: castelliiYIL057C
position  1:    T:0.19355    C:0.16774    A:0.31613    G:0.32258
position  2:    T:0.26452    C:0.15484    A:0.52903    G:0.05161
position  3:    T:0.29677    C:0.25161    A:0.20645    G:0.24516
Average         T:0.25161    C:0.19140    A:0.35054    G:0.20645

#3: bayanusYIL057C 
position  1:    T:0.16774    C:0.18065    A:0.33548    G:0.31613
position  2:    T:0.25161    C:0.18065    A:0.50968    G:0.05806
position  3:    T:0.14194    C:0.38710    A:0.09677    G:0.37419
Average         T:0.18710    C:0.24946    A:0.31398    G:0.24946

#4: mikataeYIL057C 
position  1:    T:0.20645    C:0.14839    A:0.31613    G:0.32903
position  2:    T:0.24516    C:0.17419    A:0.51613    G:0.06452
position  3:    T:0.25806    C:0.23871    A:0.19355    G:0.30968
Average         T:0.23656    C:0.18710    A:0.34194    G:0.23441

#5: cerevisiaeYIL057C
position  1:    T:0.18065    C:0.18065    A:0.30968    G:0.32903
position  2:    T:0.24516    C:0.17419    A:0.51613    G:0.06452
position  3:    T:0.29032    C:0.22581    A:0.20000    G:0.28387
Average         T:0.23871    C:0.19355    A:0.34194    G:0.22581

#6: kudriavzeviiYIL057C
position  1:    T:0.18065    C:0.17419    A:0.30968    G:0.33548
position  2:    T:0.24516    C:0.16774    A:0.52258    G:0.06452
position  3:    T:0.24516    C:0.29032    A:0.15484    G:0.30968
Average         T:0.22366    C:0.21075    A:0.32903    G:0.23656

#7: paradoxusYIL057C
position  1:    T:0.20000    C:0.15484    A:0.30968    G:0.33548
position  2:    T:0.24516    C:0.17419    A:0.52258    G:0.05806
position  3:    T:0.30323    C:0.21290    A:0.18065    G:0.30323
Average         T:0.24946    C:0.18065    A:0.33763    G:0.23226

Sums of codon usage counts
------------------------------------------------------------------------------
Phe F TTT      34 | Ser S TCT      11 | Tyr Y TAT      18 | Cys C TGT       7
      TTC      21 |       TCC      14 |       TAC      18 |       TGC       7
Leu L TTA       9 |       TCA       2 | *** * TAA       0 | *** * TGA       0
      TTG      43 |       TCG      12 |       TAG       0 | Trp W TGG       7
------------------------------------------------------------------------------
Leu L CTT       0 | Pro P CCT      10 | His H CAT      48 | Arg R CGT       3
      CTC       3 |       CCC       8 |       CAC      35 |       CGC       5
      CTA       2 |       CCA      13 | Gln Q CAA      15 |       CGA       0
      CTG      12 |       CCG      10 |       CAG      19 |       CGG       1
------------------------------------------------------------------------------
Ile I ATT      10 | Thr T ACT      13 | Asn N AAT      11 | Ser S AGT       6
      ATC      22 |       ACC      25 |       AAC      27 |       AGC       4
      ATA       2 |       ACA      13 | Lys K AAA      51 | Arg R AGA       2
Met M ATG      25 |       ACG      17 |       AAG     114 |       AGG       1
------------------------------------------------------------------------------
Val V GTT      35 | Ala A GCT       5 | Asp D GAT      61 | Gly G GGT      15
      GTC      27 |       GCC      16 |       GAC      40 |       GGC      11
      GTA      10 |       GCA       5 | Glu E GAA      64 |       GGA       2
      GTG      16 |       GCG       8 |       GAG      40 |       GGG       0
------------------------------------------------------------------------------


Codon position x base (3x4) table, overall

position  1:    T:0.18710    C:0.16959    A:0.31613    G:0.32719
position  2:    T:0.24977    C:0.16774    A:0.51705    G:0.06544
position  3:    T:0.26452    C:0.26083    A:0.17512    G:0.29954
Average         T:0.23379    C:0.19939    A:0.33610    G:0.23072

Codon frequencies under model, for use in evolver (TTT TTC TTA TTG ... GGG):
  0.01363352  0.01162701  0.01959931  0.01345437
  0.01162701  0.00991581  0.01671478  0.01147423
  0.01959931  0.01671478  0.00000000  0.00000000
  0.01345437  0.01147423  0.00000000  0.01327757
  0.01162701  0.00991581  0.01671478  0.01147423
  0.00991581  0.00845645  0.01425479  0.00978551
  0.01671478  0.01425479  0.02402888  0.01649514
  0.01147423  0.00978551  0.01649514  0.01132345
  0.01959931  0.01671478  0.02817561  0.01934176
  0.01671478  0.01425479  0.02402888  0.01649514
  0.02817561  0.02402888  0.04050476  0.02780537
  0.01934176  0.01649514  0.02780537  0.01908760
  0.01345437  0.01147423  0.01934176  0.01327757
  0.01147423  0.00978551  0.01649514  0.01132345
  0.01934176  0.01649514  0.02780537  0.01908760
  0.01327757  0.01132345  0.01908760  0.01310310



Nei & Gojobori 1986. dN/dS (dN, dS)
(Note: This matrix is not used in later ML. analysis.
Use runmode = -2 for ML pairwise comparison.)

kluyveriYIL057C     
castelliiYIL057C    -1.0000 (0.3438 -1.0000)
bayanusYIL057C      -1.0000 (0.2602 -1.0000)-1.0000 (0.2581 -1.0000)
mikataeYIL057C      -1.0000 (0.2672 -1.0000)-1.0000 (0.2463 -1.0000) 0.0124 (0.0388 3.1277)
cerevisiaeYIL057C   -1.0000 (0.2570 -1.0000)-1.0000 (0.2403 -1.0000)-1.0000 (0.0404 -1.0000) 0.0083 (0.0094 1.1335)
kudriavzeviiYIL057C -1.0000 (0.2673 -1.0000)-1.0000 (0.2483 -1.0000) 0.0448 (0.0431 0.9615) 0.0104 (0.0135 1.3017) 0.0050 (0.0094 1.8920)
paradoxusYIL057C    -1.0000 (0.2563 -1.0000)-1.0000 (0.2400 -1.0000) 0.0155 (0.0393 2.5329) 0.0137 (0.0108 0.7874) 0.0141 (0.0094 0.6671) 0.0056 (0.0081 1.4319)
NOTE: -1 means that NG86 is inapplicable.


TREE #  1:  ((((((5, 7), 4), 6), 3), 2), 1);   MP score: 343
This is a rooted tree.  Please check!
lnL(ntime: 12  np: 17):  -2014.120855      +0.000000
   8..9     9..10   10..11   11..12   12..13   13..5    13..7    12..4    11..6    10..3     9..2     8..1  
 2.501685 2.110592 0.156088 0.245709 0.050715 0.244536 0.169102 0.254470 0.167434 0.371292 4.736613 2.528604 2.307401 1.029998 0.867825 1.132250 0.032671
SEs for parameters:
 -1.000000 0.661566 0.115936 0.084166 0.055759 0.060950 0.050736 0.070707 0.068230 0.141374 1.320979 -1.000000 0.317918 0.117354 0.085270 0.111287 0.007596

Note: Branch length is defined as number of nucleotide substitutions per codon (not per neucleotide site).

tree length =  13.53684

((((((5: 0.244536, 7: 0.169102): 0.050715, 4: 0.254470): 0.245709, 6: 0.167434): 0.156088, 3: 0.371292): 2.110592, 2: 4.736613): 2.501685, 1: 2.528604);

((((((cerevisiaeYIL057C: 0.244536, paradoxusYIL057C: 0.169102): 0.050715, mikataeYIL057C: 0.254470): 0.245709, kudriavzeviiYIL057C: 0.167434): 0.156088, bayanusYIL057C: 0.371292): 2.110592, castelliiYIL057C: 4.736613): 2.501685, kluyveriYIL057C: 2.528604);

Detailed output identifying parameters

kappa (ts/tv) =  2.30740

Frequency parameters:
   0.25558 (T)   0.21534 (C)   0.28095 (A)   0.24813 (G)
Equilibrium codon frequencies (evolver-style):
  0.01768112  0.01489723  0.01943641  0.01716617
  0.01489723  0.01255167  0.01637615  0.01446336
  0.01943641  0.01637615  0.00000000  0.00000000
  0.01716617  0.01446336  0.00000000  0.01666622
  0.01489723  0.01255167  0.01637615  0.01446336
  0.01255167  0.01057541  0.01379773  0.01218611
  0.01637615  0.01379773  0.01800188  0.01589921
  0.01446336  0.01218611  0.01589921  0.01404213
  0.01943641  0.01637615  0.02136595  0.01887034
  0.01637615  0.01379773  0.01800188  0.01589921
  0.02136595  0.01800188  0.02348704  0.02074368
  0.01887034  0.01589921  0.02074368  0.01832076
  0.01716617  0.01446336  0.01887034  0.01666622
  0.01446336  0.01218611  0.01589921  0.01404213
  0.01887034  0.01589921  0.02074368  0.01832076
  0.01666622  0.01404213  0.01832076  0.01618083

omega (dN/dS) =  0.03267

dN & dS for each branch

 branch          t       N       S   dN/dS      dN      dS  N*dN  S*dS

   8..9      2.502   337.1   127.9  0.0327  0.0912  2.7912  30.7 357.0
   9..10     2.111   337.1   127.9  0.0327  0.0769  2.3548  25.9 301.2
  10..11     0.156   337.1   127.9  0.0327  0.0057  0.1741   1.9  22.3
  11..12     0.246   337.1   127.9  0.0327  0.0090  0.2741   3.0  35.1
  12..13     0.051   337.1   127.9  0.0327  0.0018  0.0566   0.6   7.2
  13..5      0.245   337.1   127.9  0.0327  0.0089  0.2728   3.0  34.9
  13..7      0.169   337.1   127.9  0.0327  0.0062  0.1887   2.1  24.1
  12..4      0.254   337.1   127.9  0.0327  0.0093  0.2839   3.1  36.3
  11..6      0.167   337.1   127.9  0.0327  0.0061  0.1868   2.1  23.9
  10..3      0.371   337.1   127.9  0.0327  0.0135  0.4143   4.6  53.0
   9..2      4.737   337.1   127.9  0.0327  0.1727  5.2847  58.2 676.0
   8..1      2.529   337.1   127.9  0.0327  0.0922  2.8212  31.1 360.9

tree length for dN:       0.4934
tree length for dS:      15.1032



TREE #  2:  ((((((5, 7), 4), 6), 3), 2), 1);   MP score: 343
This is a rooted tree.  Please check!
lnL(ntime: 12  np: 17):  -2014.120855      -0.000000
   8..9     9..10   10..11   11..12   12..13   13..5    13..7    12..4    11..6    10..3     9..2     8..1  
 2.529284 2.110591 0.156088 0.245708 0.050715 0.244536 0.169102 0.254470 0.167434 0.371293 4.736611 2.501002 2.307402 1.029998 0.867825 1.132251 0.032671
SEs for parameters:
 -1.000000 0.661363 0.115886 0.084165 0.055759 0.060945 0.050691 0.070705 0.068231 0.141354 1.320983 -1.000000 0.317541 0.117352 0.085267 0.111287 0.007593

Note: Branch length is defined as number of nucleotide substitutions per codon (not per neucleotide site).

tree length =  13.53683

((((((5: 0.244536, 7: 0.169102): 0.050715, 4: 0.254470): 0.245708, 6: 0.167434): 0.156088, 3: 0.371293): 2.110591, 2: 4.736611): 2.529284, 1: 2.501002);

((((((cerevisiaeYIL057C: 0.244536, paradoxusYIL057C: 0.169102): 0.050715, mikataeYIL057C: 0.254470): 0.245708, kudriavzeviiYIL057C: 0.167434): 0.156088, bayanusYIL057C: 0.371293): 2.110591, castelliiYIL057C: 4.736611): 2.529284, kluyveriYIL057C: 2.501002);

Detailed output identifying parameters

kappa (ts/tv) =  2.30740

Frequency parameters:
   0.25558 (T)   0.21534 (C)   0.28095 (A)   0.24813 (G)
Equilibrium codon frequencies (evolver-style):
  0.01768113  0.01489724  0.01943641  0.01716617
  0.01489724  0.01255167  0.01637616  0.01446336
  0.01943641  0.01637616  0.00000000  0.00000000
  0.01716617  0.01446336  0.00000000  0.01666621
  0.01489724  0.01255167  0.01637616  0.01446336
  0.01255167  0.01057542  0.01379773  0.01218611
  0.01637616  0.01379773  0.01800189  0.01589921
  0.01446336  0.01218611  0.01589921  0.01404212
  0.01943641  0.01637616  0.02136595  0.01887034
  0.01637616  0.01379773  0.01800189  0.01589921
  0.02136595  0.01800189  0.02348705  0.02074368
  0.01887034  0.01589921  0.02074368  0.01832074
  0.01716617  0.01446336  0.01887034  0.01666621
  0.01446336  0.01218611  0.01589921  0.01404212
  0.01887034  0.01589921  0.02074368  0.01832074
  0.01666621  0.01404212  0.01832074  0.01618082

omega (dN/dS) =  0.03267

dN & dS for each branch

 branch          t       N       S   dN/dS      dN      dS  N*dN  S*dS

   8..9      2.529   337.1   127.9  0.0327  0.0922  2.8220  31.1 361.0
   9..10     2.111   337.1   127.9  0.0327  0.0769  2.3548  25.9 301.2
  10..11     0.156   337.1   127.9  0.0327  0.0057  0.1741   1.9  22.3
  11..12     0.246   337.1   127.9  0.0327  0.0090  0.2741   3.0  35.1
  12..13     0.051   337.1   127.9  0.0327  0.0018  0.0566   0.6   7.2
  13..5      0.245   337.1   127.9  0.0327  0.0089  0.2728   3.0  34.9
  13..7      0.169   337.1   127.9  0.0327  0.0062  0.1887   2.1  24.1
  12..4      0.254   337.1   127.9  0.0327  0.0093  0.2839   3.1  36.3
  11..6      0.167   337.1   127.9  0.0327  0.0061  0.1868   2.1  23.9
  10..3      0.371   337.1   127.9  0.0327  0.0135  0.4143   4.6  53.0
   9..2      4.737   337.1   127.9  0.0327  0.1727  5.2847  58.2 676.0
   8..1      2.501   337.1   127.9  0.0327  0.0912  2.7904  30.7 356.9

tree length for dN:       0.4934
tree length for dS:      15.1032


Tree comparisons (Kishino & Hasegawa 1989; Shimodaira & Hasegawa 1999)
Number of replicates: 10000

  tree           li       Dli     +- SE     pKH       pSH    pRELL

     1*   -2014.121     0.000     0.000  -1.000    -1.000    0.495
     2    -2014.121    -0.000     0.000   0.500     0.498    0.505

pKH: P value for KH normal test (Kishino & Hasegawa 1989)
pRELL: RELL bootstrap proportions (Kishino & Hasegawa 1989)
pSH: P value with multiple-comparison correction (MC in table 1 of Shimodaira & Hasegawa 1999)
(-1 for P values means N/A)

Time used:  0:22
