      7    402

paradoxusYMR143W                ACT TTT GGT AAG AAG AAA TCA GCT ACT GCT GTT GCC CAT GTC AAG GCC GGT AAG GGT TTA ATT AAG GTT AAT GGT TCT CCA ATC ACT TTG GTT GAA CCA GAA ATC TTA AGA TTC AAG GTC TAC GAA CCA TTG TTG TTG GTT GGT TTG GAC AAA TTC TCC AAT ATC GAT ATC AGA GTT AGA GTC ACT GGT GGT GGT CAC GTT TCC CAA GTT TAC GCC ATC AGA CAA GCT ATC GCT AAA GGT TTA GTT GCT TAC CAT CAA AAG TAT GTC GAT GAA CAA TCC AAG AAC GAA TTG AAG AAG GCC TTC ACT TCT TAC GAC AGA ACC TTG TTG ATT GCT GAT TCT AGA AGA CCA GAA CCA AAG AAA TTC GGT GGT AAG GGT GCC CGT TCC AGA TTC CAA AAA TCT TAC 
bayanusYMR143W                  ACT TTT GGT AAG AAG AAA TCA GCT ACT GCT GTT GCC CAT GTC AAG TCT GGT AAG GGT TTG ATC AAG GTT AAC GGT TCT CCA ATC ACT TTG GTT GAA CCA GAA ATC TTA AGA TTC AAG GTT TAC GAA CCA TTG TTG TTG GTC GGT TTG GAC AAA TTC TCC AAC ATC GAT ATC AGA GTT AGA GTT ACC GGT GGT GGT CAT GTT TCC CAA GTT TAT GCC ATT AGA CAA GCT ATT GCT AAG GGT TTG GTT GCT TAC CAT CAA AAG TAT GTC GAT GAA CAA TCC AAG AAC GAA TTG AAG AAG GCT TTC ACC TCT TAC GAC AGA ACC TTG TTG ATT GCT GAT TCT AGA AGA CCA GAA CCA AAG AAA TTC GGT GGT AAG GGT GCT CGT TCC AGA TTC CAA AAA TCT TAC 
castelliiYMR143W                ACT TTT GGT AAG AAG AAG TCT GCT ACT GCC GTT GCC CAC GTT AAG GCC GGT AAG GGT TTG ATC AAG GTT AAC GGT TCT CCA ATC ACT TTA GTT GAA CCA GAA ATC TTG AGA TTC AAG GTC TAC GAA CCA TTA TTA TTG GTT GGT CTA GAC AAG TTT GCC AAC ATT GAC ATC AGA GTT AGA GTC ACT GGT GGT GGT CAC GTC TCT CAA GTC TAC GCC ATT AGA CAA GCT ATT GCT AAG GGT TTA GTT GCT TAC CAT CAA AAG TTC GTT GAT GAA CAA TCA AAG AAC GAA TTG AAG AAG GCT TTC ACC TCT TAC GAC AGA ACC TTG TTG ATT GCT GAC TCC AGA AGA CCA GAA CCA AAG AAA TTC GGT GGT AAG GGT GCT CGT TCC AGA TTC CAA AAA TCC TAC 
cerevisiaeYMR143W               ACT TTT GGT AAG AAG AAA TCA GCT ACT GCT GTT GCC CAT GTC AAG GCC GGT AAG GGT TTG ATC AAG GTT AAT GGT TCT CCA ATC ACT TTG GTT GAA CCA GAA ATC TTA AGA TTC AAG GTT TAC GAA CCA TTA TTG TTA GTT GGT TTG GAC AAA TTC TCC AAC ATC GAT ATT AGA GTT AGA GTT ACT GGT GGT GGT CAT GTT TCC CAA GTT TAC GCC ATC AGA CAA GCT ATT GCT AAA GGT TTA GTT GCT TAC CAT CAA AAA TAT GTC GAT GAA CAA TCC AAG AAC GAA TTG AAG AAG GCT TTC ACT TCT TAC GAC AGA ACC TTG TTG ATT GCT GAT TCT AGA AGA CCA GAA CCA AAG AAA TTC GGT GGT AAG GGT GCT CGT TCC AGA TTC CAA AAA TCT TAC 
mikataeYMR143W                  ACT TTT GGT AAG AAG AAA TCA GCT ACT GCT GTT GCC CAT GTC AAG GCC GGT AAA GGT TTG ATC AAG GTT AAC GGT TCT CCA ATT ACT TTG GTT GAG CCA GAA ATC TTA AGA TTC AAG GTT TAC GAA CCT TTG TTG TTG GTT GGT TTG GAC AAA TTC TCC AAC ATT GAT ATT AGA GTT AGA GTT ACT GGT GGT GGT CAC GTT TCC CAA GTT TAC GCC ATC AGA CAA GCT ATC GCT AAA GGT TTG GTT GCT TAC CAC CAA AAA TAT GTT GAT GAA CAA TCC AAG AAC GAA TTG AAG AAG GCT TTC ACT TCT TAC GAC AGA ACC TTG TTG ATT GCT GAT TCT AGA AGA CCA GAA CCA AAG AAA TTC GGT GGT AAG GGT GCC CGT TCC AGA TTC CAA AAA TCT TAC 
kudriavzeviiYMR143W             ACT TTT GGT AAG AAG AAA TCA GCT ACT GCT GTT GCC CAT GTC AAG ACC GGT AAG GGT TTG ATT AAG GTT AAC GGT TCT CCA ATC ACT TTG GTT GAA CCA GAA ATC TTA AGA TTC AAA GTC TAC GAA CCA TTA TTG TTG GTT GGT TTG GAC AAG TTT TCT AAC ATT GAT ATT AGA GTC AGA GTT ACT GGT GGT GGT CAC GTT TCT CAA GTC TAT GCC ATT AGA CAA GCC ATC GCT AAA GGT TTA GTT GCT TAC CAT CAA AAG TAT GTC GAT GAG CAA TCC AAG AAC GAA TTG AAG AAG GCT TTC ACT TCT TAC GAC AGA ACC TTA TTG ATT GCT GAT TCT AGA AGA CCA GAA CCA AAG AAA TTC GGT GGT AAG GGT GCC CGT TCC AGA TTC CAA AAA TCT TAC 
kluyveriYMR143W                 ACT TTC GGT AAG AAG AAG TCT GCT ACT GCC GTT GCC CAC GTT AAG GCC GGT AAG GGT TTG ATC AAG GTT AAC GGT TCT CCA ATC ACC TTG GTT CAA CCA GAA ATC TTG AGA TTC AAG GTT TAC GAA CCA TTG TTG TTG GTT GGT TTG GAC AAG TTC GCT AAC ATC GAC ATC AGA GTT AGA GTC ACT GGT GGT GGT CAC GTC TCT CAA GTT TAT GCT ATC AGA CAA GCT ATT GCC AAG GGT TTG GTT GCT TAC CAC CAA AAG TTC GTT GAC GAA CAA TCC AAG AAC GAA TTG AAG AAG GCT TTC ACC TCT TAC GAC AGA ACC TTG TTG ATT GCT GAT TCC AGA AGA CCA GAA CCA AAG AAA TTC GGT GGT AAG GGT GCT CGT TCC AGA TTC CAA AAG TCT TAC 



Printing out site pattern counts


         7        246  P

paradoxusYMR143W                AAA AAA AAA AAA AAA AAC AAG AAG AAG AAG AAT AAT ACC ACT ACT ACT ACT AGA ATC ATC ATC ATC ATC ATC ATT ATT CAA CAC CAT CAT CCA CCA CGT GAA GAA GAA GAC GAT GAT GAT GCC GCC GCC GCC GCC GCT GCT GCT GCT GGT GTC GTC GTC GTC GTT GTT GTT GTT GTT TAC TAC TAT TCA TCC TCC TCC TCC TCT TCT TCT TTA TTA TTA TTC TTC TTG TTG TTG TTG TTG TTG TTT 
bayanusYMR143W                  ... ... ... ... ..G ... ... ... ... ... ..C ..C ... ..C ..C ... ... ... ... ... ... ... ..T ..T ..C ... ... ..T ... ... ... ... ... ... ... ... ... ... ... ... ... ... ..T ..T T.T ... ... ... ... ... ... ... ..T ..T ..C ... ... ... ... ... ..T ... ... ... ... ... ... ... ... ... ... ..G ..G ... ... ... ... ... ... ... ... ... 
castelliiYMR143W                ... ... ..G ..G ..G ... ... ... ... ... ..C ..C ... ..C ... ... ... ... ... ... ... ..T ..T ..T ..C ... ... ... ..C ... ... ... ... ... ... ... ... ..C ..C ... ... ... ..T ..T ... ..C ... ... ... ... ..T ..T ... ... ... ..C ..C ... ... ... ... .TC ..T G.. ..A ... ..T ..C ..C ... ..G ... ..G ... ..T C.A ..A ..A ... ... ... ... 
cerevisiaeYMR143W               ... ... ... ... ... ... ..A ... ... ... ..C ... ... ... ... ... ... ... ... ... ..T ... ... ..T ..C ... ... ..T ... ... ... ... ... ... ... ... ... ... ... ... ... ... ..T ..T ... ... ... ... ... ... ... ... ..T ..T ... ... ... ... ... ... ... ... ... ... ... ... ... ... ... ... ... ... ..G ... ... ... ..A ... ..A ... ... ... 
mikataeYMR143W                  ... ... ... ... ... ... ..A ..A ... ... ..C ..C ... ... ... ... ... ... ... ..T ..T ..T ... ... ..C ... ... ... ... ..C ... ..T ... ... ... ..G ... ... ... ... ... ... ... ..T ... ... ... ... ... ... ... ..T ..T ..T ... ... ... ... ... ... ... ... ... ... ... ... ... ... ... ... ... ..G ..G ... ... ... ... ... ... ... ... ... 
kudriavzeviiYMR143W             ... ... ... ..G ... ... ... ... ..A ... ..C ..C ... ... ... ... ... ... ... ... ..T ..T ..T ... ... ... ... ... ... ... ... ... ... ... ..G ... ... ... ... ... ... ... ... ..T A.. ... ..C ... ... ... ... ... ... ..T ... ..C ... ..C ... ... ..T ... ... ..T ... ... ..T ... ... ... ... ... ..G ... ..T ... ..A ... ... ..A ... ... 
kluyveriYMR143W                 ... ..G ..G ..G ..G ... ... ... ... ... ..C ..C ... ..C ... ..C ... ... ... ... ... ... ... ..T ..C ... ... ... ..C ..C ... ... ... ... ... C.. ... ..C ... ..C ... ..T ..T ..T ... ..C ... ..C ... ... ..T ..T ..T ... ... ... ..C ... ... ... ..T .TC ..T G.T ... ... ..T ..C ... ... ..G ..G ..G ... ... ... ... ... ... ... ... ..C 

    1    1    1    1    1    1    1    1    1    9    1    1    1    1    1
    1    2    8    1    1    1    1    1    1    1    1    5    1    1    1
    4    1    1    4    1    1    2    1    1    1    1    1    1    1    1
    1    1    1    3   12    1    1    1    1    1    1    1    1    4    4
    1    1    1    1    1    1    1    1    1    2    1    1    1    4    1
    1    1    2    1    1    2    1

CODONML (in paml version 4.8a, August 2014)  /Users/xji3/Genconv/IdenticalParalogAlignment/YMR143W_YDL083C/YMR143W_YDL083C_IdenticalParalog_paml_input.fasta
Model: One dN/dS ratio for branches, 
Codon frequency model: F1x4MG
ns =   7  ls = 134

Codon usage in sequences
--------------------------------------------------------------------------------------------------------------------------------------
Phe TTT   1   1   2   1   1   2 | Ser TCT   4   5   4   4   4   6 | Tyr TAT   1   2   0   1   1   2 | Cys TGT   0   0   0   0   0   0
    TTC   5   5   5   5   5   4 |     TCC   4   4   3   4   4   2 |     TAC   5   4   5   5   5   4 |     TGC   0   0   0   0   0   0
Leu TTA   3   1   4   4   1   4 |     TCA   1   1   1   1   1   1 | *** TAA   0   0   0   0   0   0 | *** TGA   0   0   0   0   0   0
    TTG   8  10   6   7  10   7 |     TCG   0   0   0   0   0   0 |     TAG   0   0   0   0   0   0 | Trp TGG   0   0   0   0   0   0
--------------------------------------------------------------------------------------------------------------------------------------
Leu CTT   0   0   0   0   0   0 | Pro CCT   0   0   0   0   1   0 | His CAT   2   3   1   3   1   2 | Arg CGT   1   1   1   1   1   1
    CTC   0   0   0   0   0   0 |     CCC   0   0   0   0   0   0 |     CAC   1   0   2   0   2   1 |     CGC   0   0   0   0   0   0
    CTA   0   0   1   0   0   0 |     CCA   5   5   5   5   4   5 | Gln CAA   5   5   5   5   5   5 |     CGA   0   0   0   0   0   0
    CTG   0   0   0   0   0   0 |     CCG   0   0   0   0   0   0 |     CAG   0   0   0   0   0   0 |     CGG   0   0   0   0   0   0
--------------------------------------------------------------------------------------------------------------------------------------
Ile ATT   2   3   4   3   4   5 | Thr ACT   5   3   4   5   5   5 | Asn AAT   2   0   0   1   0   0 | Ser AGT   0   0   0   0   0   0
    ATC   6   5   4   5   4   3 |     ACC   1   3   2   1   1   2 |     AAC   1   3   3   2   3   3 |     AGC   0   0   0   0   0   0
    ATA   0   0   0   0   0   0 |     ACA   0   0   0   0   0   0 | Lys AAA   5   4   2   6   7   5 | Arg AGA   8   8   8   8   8   8
Met ATG   0   0   0   0   0   0 |     ACG   0   0   0   0   0   0 |     AAG  12  13  15  11  10  12 |     AGG   0   0   0   0   0   0
--------------------------------------------------------------------------------------------------------------------------------------
Val GTT   8   9   8  10  11   7 | Ala GCT   6   8   7   8   7   6 | Asp GAT   3   3   1   3   3   3 | Gly GGT  12  12  12  12  12  12
    GTC   4   3   4   2   1   5 |     GCC   5   2   5   3   4   4 |     GAC   2   2   4   2   2   2 |     GGC   0   0   0   0   0   0
    GTA   0   0   0   0   0   0 |     GCA   0   0   0   0   0   0 | Glu GAA   6   6   6   6   5   5 |     GGA   0   0   0   0   0   0
    GTG   0   0   0   0   0   0 |     GCG   0   0   0   0   0   0 |     GAG   0   0   0   0   1   1 |     GGG   0   0   0   0   0   0
--------------------------------------------------------------------------------------------------------------------------------------

------------------------------------------------------
Phe TTT   0 | Ser TCT   5 | Tyr TAT   1 | Cys TGT   0
    TTC   7 |     TCC   3 |     TAC   4 |     TGC   0
Leu TTA   0 |     TCA   0 | *** TAA   0 | *** TGA   0
    TTG  11 |     TCG   0 |     TAG   0 | Trp TGG   0
------------------------------------------------------
Leu CTT   0 | Pro CCT   0 | His CAT   0 | Arg CGT   1
    CTC   0 |     CCC   0 |     CAC   3 |     CGC   0
    CTA   0 |     CCA   5 | Gln CAA   6 |     CGA   0
    CTG   0 |     CCG   0 |     CAG   0 |     CGG   0
------------------------------------------------------
Ile ATT   2 | Thr ACT   3 | Asn AAT   0 | Ser AGT   0
    ATC   6 |     ACC   3 |     AAC   3 |     AGC   0
    ATA   0 |     ACA   0 | Lys AAA   1 | Arg AGA   8
Met ATG   0 |     ACG   0 |     AAG  16 |     AGG   0
------------------------------------------------------
Val GTT  10 | Ala GCT   8 | Asp GAT   1 | Gly GGT  12
    GTC   2 |     GCC   4 |     GAC   4 |     GGC   0
    GTA   0 |     GCA   0 | Glu GAA   5 |     GGA   0
    GTG   0 |     GCG   0 |     GAG   0 |     GGG   0
------------------------------------------------------

Codon position x base (3x4) table for each sequence.

#1: paradoxusYMR143W
position  1:    T:0.23881    C:0.10448    A:0.31343    G:0.34328
position  2:    T:0.27612    C:0.23134    A:0.33582    G:0.15672
position  3:    T:0.35075    C:0.25373    A:0.24627    G:0.14925
Average         T:0.28856    C:0.19652    A:0.29851    G:0.21642

#2: bayanusYMR143W 
position  1:    T:0.24627    C:0.10448    A:0.31343    G:0.33582
position  2:    T:0.27612    C:0.23134    A:0.33582    G:0.15672
position  3:    T:0.37313    C:0.23134    A:0.22388    G:0.17164
Average         T:0.29851    C:0.18905    A:0.29104    G:0.22139

#3: castelliiYMR143W
position  1:    T:0.22388    C:0.11194    A:0.31343    G:0.35075
position  2:    T:0.28358    C:0.23134    A:0.32836    G:0.15672
position  3:    T:0.32836    C:0.27612    A:0.23881    G:0.15672
Average         T:0.27861    C:0.20647    A:0.29353    G:0.22139

#4: cerevisiaeYMR143W
position  1:    T:0.23881    C:0.10448    A:0.31343    G:0.34328
position  2:    T:0.27612    C:0.23134    A:0.33582    G:0.15672
position  3:    T:0.38806    C:0.21642    A:0.26119    G:0.13433
Average         T:0.30100    C:0.18408    A:0.30348    G:0.21144

#5: mikataeYMR143W 
position  1:    T:0.23881    C:0.10448    A:0.31343    G:0.34328
position  2:    T:0.27612    C:0.23134    A:0.33582    G:0.15672
position  3:    T:0.38060    C:0.23134    A:0.23134    G:0.15672
Average         T:0.29851    C:0.18905    A:0.29353    G:0.21891

#6: kudriavzeviiYMR143W
position  1:    T:0.23881    C:0.10448    A:0.32090    G:0.33582
position  2:    T:0.27612    C:0.23134    A:0.33582    G:0.15672
position  3:    T:0.38060    C:0.22388    A:0.24627    G:0.14925
Average         T:0.29851    C:0.18657    A:0.30100    G:0.21393

#7: kluyveriYMR143W
position  1:    T:0.23134    C:0.11194    A:0.31343    G:0.34328
position  2:    T:0.28358    C:0.23134    A:0.32836    G:0.15672
position  3:    T:0.32090    C:0.29104    A:0.18657    G:0.20149
Average         T:0.27861    C:0.21144    A:0.27612    G:0.23383

Sums of codon usage counts
------------------------------------------------------------------------------
Phe F TTT       8 | Ser S TCT      32 | Tyr Y TAT       8 | Cys C TGT       0
      TTC      36 |       TCC      24 |       TAC      32 |       TGC       0
Leu L TTA      17 |       TCA       6 | *** * TAA       0 | *** * TGA       0
      TTG      59 |       TCG       0 |       TAG       0 | Trp W TGG       0
------------------------------------------------------------------------------
Leu L CTT       0 | Pro P CCT       1 | His H CAT      12 | Arg R CGT       7
      CTC       0 |       CCC       0 |       CAC       9 |       CGC       0
      CTA       1 |       CCA      34 | Gln Q CAA      36 |       CGA       0
      CTG       0 |       CCG       0 |       CAG       0 |       CGG       0
------------------------------------------------------------------------------
Ile I ATT      23 | Thr T ACT      30 | Asn N AAT       3 | Ser S AGT       0
      ATC      33 |       ACC      13 |       AAC      18 |       AGC       0
      ATA       0 |       ACA       0 | Lys K AAA      30 | Arg R AGA      56
Met M ATG       0 |       ACG       0 |       AAG      89 |       AGG       0
------------------------------------------------------------------------------
Val V GTT      63 | Ala A GCT      50 | Asp D GAT      17 | Gly G GGT      84
      GTC      21 |       GCC      27 |       GAC      18 |       GGC       0
      GTA       0 |       GCA       0 | Glu E GAA      39 |       GGA       0
      GTG       0 |       GCG       0 |       GAG       2 |       GGG       0
------------------------------------------------------------------------------


Codon position x base (3x4) table, overall

position  1:    T:0.23667    C:0.10661    A:0.31450    G:0.34222
position  2:    T:0.27825    C:0.23134    A:0.33369    G:0.15672
position  3:    T:0.36034    C:0.24627    A:0.23348    G:0.15991
Average         T:0.29176    C:0.19474    A:0.29389    G:0.21962

Codon frequencies under model, for use in evolver (TTT TTC TTA TTG ... GGG):
  0.02650042  0.01768847  0.02669409  0.01994794
  0.01768847  0.01180667  0.01781774  0.01331483
  0.02669409  0.01781774  0.00000000  0.00000000
  0.01994794  0.01331483  0.00000000  0.01501563
  0.01768847  0.01180667  0.01781774  0.01331483
  0.01180667  0.00788070  0.01189296  0.00888736
  0.01781774  0.01189296  0.01794795  0.01341213
  0.01331483  0.00888736  0.01341213  0.01002261
  0.02669409  0.01781774  0.02688918  0.02009373
  0.01781774  0.01189296  0.01794795  0.01341213
  0.02688918  0.01794795  0.02708569  0.02024057
  0.02009373  0.01341213  0.02024057  0.01512536
  0.01994794  0.01331483  0.02009373  0.01501563
  0.01331483  0.00888736  0.01341213  0.01002261
  0.02009373  0.01341213  0.02024057  0.01512536
  0.01501563  0.01002261  0.01512536  0.01130287



Nei & Gojobori 1986. dN/dS (dN, dS)
(Note: This matrix is not used in later ML. analysis.
Use runmode = -2 for ML pairwise comparison.)

paradoxusYMR143W    
bayanusYMR143W       0.0152 (0.0033 0.2157)
castelliiYMR143W     0.0138 (0.0066 0.4768) 0.0225 (0.0099 0.4391)
cerevisiaeYMR143W   -1.0000 (0.0000 0.1491) 0.0219 (0.0033 0.1492) 0.0144 (0.0066 0.4571)
mikataeYMR143W      -1.0000 (0.0000 0.2020) 0.0142 (0.0033 0.2300) 0.0122 (0.0066 0.5387)-1.0000 (0.0000 0.1621)
kudriavzeviiYMR143W  0.0134 (0.0033 0.2436) 0.0108 (0.0033 0.3039) 0.0225 (0.0099 0.4383) 0.0127 (0.0033 0.2580) 0.0114 (0.0033 0.2884)
kluyveriYMR143W      0.0214 (0.0099 0.4611) 0.0372 (0.0132 0.3538) 0.0114 (0.0033 0.2884) 0.0223 (0.0099 0.4418) 0.0223 (0.0099 0.4426) 0.0243 (0.0132 0.5422)


TREE #  1:  ((((((4, 1), 5), 6), 2), 3), 7);   MP score: 88
This is a rooted tree.  Please check!
lnL(ntime: 12  np: 17):   -908.962957      +0.000000
   8..9     9..10   10..11   11..12   12..13   13..4    13..1    12..5    11..6    10..2     9..3     8..7  
 0.024612 0.154116 0.042927 0.002787 0.007927 0.048181 0.055050 0.070342 0.140246 0.051529 0.118601 0.051407 14.022664 1.559092 0.945791 1.463622 0.024982
SEs for parameters:
 -1.000000 0.044166 0.027472 0.017298 0.011132 0.023721 0.023577 0.026701 0.044361 0.028551 0.040992 -1.000000 8.754930 0.293268 0.130803 0.244072 0.018259

Note: Branch length is defined as number of nucleotide substitutions per codon (not per neucleotide site).

tree length =   0.76772

((((((4: 0.048181, 1: 0.055050): 0.007927, 5: 0.070342): 0.002787, 6: 0.140246): 0.042927, 2: 0.051529): 0.154116, 3: 0.118601): 0.024612, 7: 0.051407);

((((((cerevisiaeYMR143W: 0.048181, paradoxusYMR143W: 0.055050): 0.007927, mikataeYMR143W: 0.070342): 0.002787, kudriavzeviiYMR143W: 0.140246): 0.042927, bayanusYMR143W: 0.051529): 0.154116, castelliiYMR143W: 0.118601): 0.024612, kluyveriYMR143W: 0.051407);

Detailed output identifying parameters

kappa (ts/tv) = 14.02266

Frequency parameters:
   0.31380 (T)   0.19036 (C)   0.29458 (A)   0.20127 (G)
Equilibrium codon frequencies (evolver-style):
  0.03302679  0.02003502  0.03100441  0.02118335
  0.02003502  0.01215383  0.01880819  0.01285044
  0.03100441  0.01880819  0.00000000  0.00000000
  0.02118335  0.01285044  0.00000000  0.01358698
  0.02003502  0.01215383  0.01880819  0.01285044
  0.01215383  0.00737287  0.01140960  0.00779546
  0.01880819  0.01140960  0.01765648  0.01206355
  0.01285044  0.00779546  0.01206355  0.00824226
  0.03100441  0.01880819  0.02910587  0.01988619
  0.01880819  0.01140960  0.01765648  0.01206355
  0.02910587  0.01765648  0.02732359  0.01866847
  0.01988619  0.01206355  0.01866847  0.01275498
  0.02118335  0.01285044  0.01988619  0.01358698
  0.01285044  0.00779546  0.01206355  0.00824226
  0.01988619  0.01206355  0.01866847  0.01275498
  0.01358698  0.00824226  0.01275498  0.00871467

omega (dN/dS) =  0.02498

dN & dS for each branch

 branch          t       N       S   dN/dS      dN      dS  N*dN  S*dS

   8..9      0.025   270.5   131.5  0.0250  0.0006  0.0239   0.2   3.1
   9..10     0.154   270.5   131.5  0.0250  0.0037  0.1494   1.0  19.6
  10..11     0.043   270.5   131.5  0.0250  0.0010  0.0416   0.3   5.5
  11..12     0.003   270.5   131.5  0.0250  0.0001  0.0027   0.0   0.4
  12..13     0.008   270.5   131.5  0.0250  0.0002  0.0077   0.1   1.0
  13..4      0.048   270.5   131.5  0.0250  0.0012  0.0467   0.3   6.1
  13..1      0.055   270.5   131.5  0.0250  0.0013  0.0534   0.4   7.0
  12..5      0.070   270.5   131.5  0.0250  0.0017  0.0682   0.5   9.0
  11..6      0.140   270.5   131.5  0.0250  0.0034  0.1359   0.9  17.9
  10..2      0.052   270.5   131.5  0.0250  0.0012  0.0499   0.3   6.6
   9..3      0.119   270.5   131.5  0.0250  0.0029  0.1150   0.8  15.1
   8..7      0.051   270.5   131.5  0.0250  0.0012  0.0498   0.3   6.6

tree length for dN:       0.0186
tree length for dS:       0.7441



TREE #  2:  ((((((4, 1), 5), 6), 2), 3), 7);   MP score: 88
This is a rooted tree.  Please check!
lnL(ntime: 12  np: 17):   -908.962957      -0.000000
   8..9     9..10   10..11   11..12   12..13   13..4    13..1    12..5    11..6    10..2     9..3     8..7  
 0.052158 0.154116 0.042927 0.002787 0.007927 0.048181 0.055050 0.070342 0.140246 0.051529 0.118601 0.023861 14.022650 1.559092 0.945791 1.463622 0.024982
SEs for parameters:
 -1.000000 0.044172 0.027472 0.017298 0.011132 0.023721 0.023578 0.026711 0.044361 0.028556 0.040992 -1.000000 8.755704 0.293300 0.130816 0.244083 0.018265

Note: Branch length is defined as number of nucleotide substitutions per codon (not per neucleotide site).

tree length =   0.76772

((((((4: 0.048181, 1: 0.055050): 0.007927, 5: 0.070342): 0.002787, 6: 0.140246): 0.042927, 2: 0.051529): 0.154116, 3: 0.118601): 0.052158, 7: 0.023861);

((((((cerevisiaeYMR143W: 0.048181, paradoxusYMR143W: 0.055050): 0.007927, mikataeYMR143W: 0.070342): 0.002787, kudriavzeviiYMR143W: 0.140246): 0.042927, bayanusYMR143W: 0.051529): 0.154116, castelliiYMR143W: 0.118601): 0.052158, kluyveriYMR143W: 0.023861);

Detailed output identifying parameters

kappa (ts/tv) = 14.02265

Frequency parameters:
   0.31379 (T)   0.19036 (C)   0.29458 (A)   0.20127 (G)
Equilibrium codon frequencies (evolver-style):
  0.03302678  0.02003502  0.03100441  0.02118334
  0.02003502  0.01215383  0.01880819  0.01285044
  0.03100441  0.01880819  0.00000000  0.00000000
  0.02118334  0.01285044  0.00000000  0.01358697
  0.02003502  0.01215383  0.01880819  0.01285044
  0.01215383  0.00737287  0.01140960  0.00779546
  0.01880819  0.01140960  0.01765648  0.01206355
  0.01285044  0.00779546  0.01206355  0.00824226
  0.03100441  0.01880819  0.02910587  0.01988619
  0.01880819  0.01140960  0.01765648  0.01206355
  0.02910587  0.01765648  0.02732359  0.01866848
  0.01988619  0.01206355  0.01866848  0.01275498
  0.02118334  0.01285044  0.01988619  0.01358697
  0.01285044  0.00779546  0.01206355  0.00824226
  0.01988619  0.01206355  0.01866848  0.01275498
  0.01358697  0.00824226  0.01275498  0.00871467

omega (dN/dS) =  0.02498

dN & dS for each branch

 branch          t       N       S   dN/dS      dN      dS  N*dN  S*dS

   8..9      0.052   270.5   131.5  0.0250  0.0013  0.0506   0.3   6.6
   9..10     0.154   270.5   131.5  0.0250  0.0037  0.1494   1.0  19.6
  10..11     0.043   270.5   131.5  0.0250  0.0010  0.0416   0.3   5.5
  11..12     0.003   270.5   131.5  0.0250  0.0001  0.0027   0.0   0.4
  12..13     0.008   270.5   131.5  0.0250  0.0002  0.0077   0.1   1.0
  13..4      0.048   270.5   131.5  0.0250  0.0012  0.0467   0.3   6.1
  13..1      0.055   270.5   131.5  0.0250  0.0013  0.0534   0.4   7.0
  12..5      0.070   270.5   131.5  0.0250  0.0017  0.0682   0.5   9.0
  11..6      0.140   270.5   131.5  0.0250  0.0034  0.1359   0.9  17.9
  10..2      0.052   270.5   131.5  0.0250  0.0012  0.0499   0.3   6.6
   9..3      0.119   270.5   131.5  0.0250  0.0029  0.1150   0.8  15.1
   8..7      0.024   270.5   131.5  0.0250  0.0006  0.0231   0.2   3.0

tree length for dN:       0.0186
tree length for dS:       0.7441


Tree comparisons (Kishino & Hasegawa 1989; Shimodaira & Hasegawa 1999)
Number of replicates: 10000

  tree           li       Dli     +- SE     pKH       pSH    pRELL

     1*    -908.963     0.000     0.000  -1.000    -1.000    0.500
     2     -908.963    -0.000     0.000   0.500     0.505    0.500

pKH: P value for KH normal test (Kishino & Hasegawa 1989)
pRELL: RELL bootstrap proportions (Kishino & Hasegawa 1989)
pSH: P value with multiple-comparison correction (MC in table 1 of Shimodaira & Hasegawa 1999)
(-1 for P values means N/A)

Time used:  0:15
