      7    591

kluyveriYMR142C                 GCT ATC TCC AAG AAC TTA CCA ATT TTG AAG AAC CAC TTC AGA AAG CAC TGG CAA GAA CGT GTC AGA GTT CAC TTC GAC CAA GCT GGT AAG AAG GTC TCT AGA CGT AAC GCC AGA GCT ACC AAG GCT GCC AAG ATT GCT CCA AAA CCA TTG GAC TTG TTG AGA CCA GTC GTC AGG GCT CCA ACT GTT AAG TAC AAC AGA AAG GTT AGA GCT GGT AGA GGT TTC ACC TTG GCT GAA GTC AAG GCT GCT GGT TTG ACT GCT GCT TAC GCC AGA ACC ATT GGT ATC GCT GTC GAC CAC AGA CGT CAA AAC AGA AGC ACT GAA ATT TTC GAA TTG AAC GTC CAA AGA TTA AAG GAA TAC CAA TCT AAG ATC ATT GTC TTC CCA AGA AAC GGT AAG GCC CCA GAA GCT GAA CAA GTT TTG TCT GCT GCT GCT GCT TTC CCA ATT TCT CAA CCA GCT ACT GAT GTT GAA ACT AGA GCT GTT GAA GAC AAC GGT GAA TCT GCT TTC AGA ACC TTG AGA TTG GCC AGA TCT GAC AAG AAG TAC CAC GGT GTC AGA GAA AAG AGA GCT AAA GAA AAG GCT GAA GCT GAA GCT GAG AAG AAG 
kudriavzeviiYMR142C             GCT ATC TCC AAG AAT TTA CCA ATT TTG AAG AAC CAC TTC AGA AAG CAC TGG CAA GAA CGT GTC AAG GTT CAC TTT GAC CAA GCC GGT AAG AAG GTT TCT AGA CGT AAT GCC AGA GCT GCC AGA GCT GCC AAG ATT GCT CCA AGA CCT TTG GAT TTG TTG AGA CCT GTT GTC AGA GCT CCA ACT GTT AAG TAC AAC AGA AAG GTT AGA GCT GGC AGA GGT TTC ACC TTG GCC GAA GTC AAG GCC GCT GGT TTG ACT GCT GCT TAT GCC AGA ACC ATT GGT ATT GCT GTT GAC CAC AGA CGT CAA AAC AGA AAC CAA GAA ATT TTT GAT GCT AAC GTC CAA AGA TTA AAG GAA TAC CAA TCC AAG ATT ATC GTT TTC CCA AGA AAC GGT AAG GCC CCA GAA GCT GAA CAA GTT TTG TCT GCT GCT GCC ACT TTC CCT ATC GCT CAA CCA ACT ACC GAT GTT GAA GCC AGA GCT GTT CAA GAC AAC GGT GAA TCT GCT TTC AGA ACT TTG AGA TTA GCC AGA TCC GAA AAG AGA TAC AGA GGT GTC AGA GAA AAG AGA GCT AAA GAC AAG GCT GAA GCT GAA GCT GAA AAG AAG 
bayanusYMR142C                  GCT ATC TCC AAG AAT TTA CCA ATT TTG AAG AAC CAC TTC AGA AAG CAC TGG CAA GAA CGT GTC AAG GTT CAC TTT GAC CAA GCT GGT AAG AAG GTT TCT AGA CGT AAT GCC AGA GCT GCC AGA GCT GCC AAG ATT GCT CCA AGA CCT TTG GAT TTG TTG AGA CCT GTT GTT AGA GCT CCA ACT GTT AAG TAC AAC AGA AAG GTT AGA GCT GGT AGA GGT TTC ACC TTG GCT GAA GTC AAG GCC GCT GGT TTG ACT GCT GCT TAC GCC AGA ACC ATT GGT ATT GCC GTT GAC CAC AGA CGT CAA AAC AAA AAC CAA GAA ATC TTC GAC GCT AAC GTT CAA AGA TTA AAG GAA TAC CAA TCC AAG ATC ATT GTT TTC CCA AGA AAC GGT AAG GCC CCA GAA GCT GAA CAA GTT TTG TCT GCT GCT GCC ACT TTC CCA ATT GCT CAA CCA TCT ACC GAT GTT GAA ACC AGA GCT GTC CAA GAC AAC GGC GAA TCT GCT TAC AGA ACT TTG AGA TTA GCC AGA TCC GAA AAG AGA TTC AGA GGT ATC AGA GAA AAG AGA ACT AGA GAA AAG GCT GAA GCT GAA GCT GAA AAG AAG 
mikataeYMR142C                  GCT ATC TCC AAG AAT TTA CCA ATT TTG AAG AAC CAC TTC AGA AAG CAC TGG CAA GAA CGT GTC AAG GTT CAC TTT GAC CAA GCT GGT AAA AAA GTT TCT AGA CGT AAT GCC AGA GCT TCC AGA GCC GCT AAA ATT GCC CCA AGA CCA TTG GAC TTG TTG AGA CCT GTT GTC AGA GCT CCA ACT GTT AAG TAC AAC AGA AAG GTC AGA GCT GGT AGA GGT TTC ACC TTG GCT GAA GTT AAG GCC GCT GGT TTG ACT GCT GCA TAC GCC AGA ACC ATT GGT ATT GCT GTT GAC CAC AGA CGT CAA AAC AGA AAC CAA GAA ATC TTC GAC GCT AAT GTC CAA AGA TTA AAG GAA TAC CAA TCC AAG ATC ATT GTT TTC CCA ACA AAT GGT AAG GCC CCA GAA GCT GAA CAA GTT TTG TCC GCT GCT GCT ACT TTC CCA ATT GCT CAA CCA ACT ACC GAT GTT GAA ACT AGA GCT GTC CAG GAC AAC GGT GAA TCT GCT TTC AGA ACC TTG AGA TTA GCC AGA TCC GAA AAG AGA TTT AGA GGT ATC AGA GAA AAG AGA GCT AGA GAG AAG GCT GAA GCT GAA GCT GAA AAG AAG 
castelliiYMR142C                GCT ATC TCT AAG AAT TTA CCA ATT TTG AAG AAC CAC TTC AGA AAG CAC TGG CAA GAA CGT GTC AAG GTT CAC TTT GAC CAA GCT GGT AAG AAG GCT TCC AGA CGT AGT GCT AGA GCT TCC AGA GCT GCT AAG ATT GCT CCA AGA CCA TTA GAC TTA TTG AGA CCT GTT GTC AGA GCT CCA ACT ATC AAA TAC AAC AGA AAG GTT AGA GCT GGT AGA GGT TTC AGT TTG GCT GAA GTT AAG GCT GCT GGT TTA ACC GCT GCT TAC GCT AGA ACC ATT GGT ATT GCT GTT GAC CAC AGA CGT CAA AAC ACC AAC CAA GAA ATC TTC GAA TTA AAT GTC CAA AGA TTA AAG GAA TAC CAA TCT AAG ATC ATT GTT TTC CCA AGA AAC GCT AAG ACT CCA GAA GTT GAA CAA GTT TTG TCT ACT GCT GCT ACT TTC CCA ATT GCT CAA CCA GTT ACT GAT GTT GAA ACC AGA GCT GTT GAA GAC AAC GGT GAA TCT GCT TAC AGA ACT TTG AGA TTA GCC AGA TCT GAA AAG AGA TAC AAG GGT ATT AGA GAA AAG AGA GCC AGA GAT TTG GCT GAA GCT GAA GCT GAA AAG AAG 
cerevisiaeYMR142C               GCT ATC TCC AAG AAT TTA CCA ATT TTG AAG AAC CAC TTC AGA AAG CAC TGG CAA GAA CGT GTC AAG GTT CAC TTT GAC CAA GCT GGT AAA AAG GTT TCT AGA CGT AAT GCT AGA GCT GCC AGA GCC GCC AAG ATT GCT CCA AGA CCA TTG GAT TTG TTG AGA CCT GTT GTC AGA GCT CCA ACT GTT AAG TAC AAC AGA AAG GTT AGA GCT GGT AGA GGT TTC ACC TTG GCT GAA GTT AAG GCC GCT GGT TTG ACT GCT GCT TAC GCC AGA ACC ATT GGT ATT GCT GTT GAC CAC AGA CGT CAA AAC AGA AAC CAA GAA ATC TTT GAC GCT AAC GTT CAA AGA TTG AAG GAG TAC CAA TCC AAG ATT ATC GTT TTC CCA AGA GAC GGT AAG GCT CCA GAA GCT GAA CAA GTT TTG TCT GCT GCT GCC ACT TTC CCA ATT GCT CAA CCA GCT ACC GAT GTT GAA GCT AGA GCT GTT CAA GAC AAT GGT GAA TCT GCT TTC AGA ACC TTG AGA TTA GCC AGA TCC GAA AAG AAA TTC AGA GGT ATC AGA GAA AAG AGG GCT AGA GAG AAG GCT GAA GCT GAA GCT GAA AAG AAG 
paradoxusYMR142C                GCT ATC TCC AAG AAT TTA CCA ATT TTG AAG AAC CAC TTC AGA AAG CAC TGG CAA GAA CGT GTC AAG GTT CAC TTT GAC CAA GCT GGT AAG AAG GTT TCT AGA CGT AAT GCT AGA GCT GCC AGA GCC GCC AAG ATT GCT CCA AGA CCA TTG GAT TTG TTG AGA CCT GTT GTC AGA GCT CCA ACT GTT AAG TAC AAC AGA AAG GTT AGA GCT GGT AGA GGT TTC ACC TTG GCT GAA GTT AAG GCC GCT GGT TTG ACT GCT GCT TAC GCC AGA ACC ATT GGT ATT GCT GTT GAC CAC AGA CGT CAA AAC AGA AAC CAA GAA ATC TTT GAC GCT AAC GTC CAA AGA TTG AAG GAA TAC CAA TCC AAG ATT ATC GTT TTC CCA AGA AAC GGT AAG GCC CCA GAA GCT GAA CAA GTT TTG TCT GCT GCT GCC ACT TTC CCA ATT GCT CAA CCA GCC ACC GAT GTT GAA GCT AGA GCT GTA CAA GAC AAT GGT GAA TCT GCT TTC AGA ACC TTG AGA TTA GCC AGA TCC GAA AAG AGA TTC AGA GGT ATC AGA GAA AAG AGA GCT AGA GAG AAG GCT GAA GCT GAA GCT GAA AAG AAG 



Printing out site pattern counts


         7        327  P

kluyveriYMR142C                 AAA AAA AAC AAC AAC AAC AAC AAC AAG AAG AAG AAG AAG AAG AAG ACC ACC ACC ACC ACT ACT ACT ACT ACT AGA AGA AGA AGA AGA AGC AGG ATC ATC ATC ATT ATT ATT ATT CAA CAC CAC CCA CCA CCA CCA CGT GAA GAA GAA GAA GAA GAC GAC GAC GAG GAT GCC GCC GCC GCC GCC GCT GCT GCT GCT GCT GCT GCT GCT GCT GCT GCT GCT GCT GGT GGT GGT GGT GTC GTC GTC GTC GTC GTC GTC GTT GTT GTT GTT TAC TAC TAC TCC TCT TCT TCT TCT TCT TGG TTA TTA TTC TTC TTC TTC TTG TTG TTG TTG 
kudriavzeviiYMR142C             ... .G. ... ... ... ... ..T ..T ... ... ... ... ... .GA .GA ... ... ..T G.. ..C ... ... CAA G.C .AG ... ... ... ... .A. ..A ... ..T ..T ..C ..C ... ... ... AGA ... ... ..T ..T ..T ... C.. ... ... ..C ..T ..A ... ..T ..A ... ... ... ... ... ... A.. A.. ..C ..C ..C ... ... ... ... ... ... ... ... ..C ... ... ... ... ... ... ... ... ..T ..T ... ... ... ... ... ... ..T ... G.. ..C ... ... ... ... ... ... ... ... ..T ..T GCT ..A ... ... 
bayanusYMR142C                  .G. .G. ... ... ... ... ..T ..T ... ... ... ... ... .GA .GA ... ... ..T G.. ..C ... ... CAA ..C .AG .A. ... ... ... .A. ..A ... ... ..T ... ... ..C ... ... AGA ... ... ... ..T ..T ... C.. ... ... ... ..C ..A ... ..T ..A ... ... ... ... ... ... A.. T.. ..C ..C ... A.. ..C ... ... ... ... ... ... ... ..C ... ... A.. ... ... ..T ..T ..T ..T ..C ... ... ... ... .T. ... ... G.. ..C ... ... ... ... ... ... .A. ... ... ..T GCT ..A ... ... 
mikataeYMR142C                  .G. .G. ... ... ..T ..T ..T ..T ..A ..A ... ... ... .GA .GA ... ... ... T.. ..C ... ... CAA ... .AG ... .C. ... ... .A. ..A ... ... ..T ... ... ..C ... ... AGA ... ... ... ... ..T ... C.G ... ... ..G ..C ..A ... ... ..A ... ... ... ... ... ..T A.. A.. ..C ... ... ... ... ..A ..C ..C ... ... ... ... ... ... ... A.. ... ..T ... ... ..T ..T ..C ..C ... ... ... .TT ... ... G.. ..C ..C ... ... ... ... ... ... ... ... ..T GCT ..A ... ... 
castelliiYMR142C                .G. .G. ... ... ... ..T ..T .GT ... ... ..A ... TT. .GA .GA ... .GT ..T T.. ... ..C ... CAA ..C .AG .CC ... ... ... .A. ..A ... ... ..T ... ... ..C ... ... A.G ... ... ... ... ..T ... ... ... ... ..T ... ..A ... ... ..A ... A.T ... ..T ..T ..T A.. .T. ... ... ... ..C ... ... ... ... A.. ... .T. ... ... .C. ... A.T ... ..T ... ... .CT ..T ... ... A.C ... ... ... ... ..T G.. ... ... ..C ... ... ... ... .A. ... ... ..T ..A ..A ..A ... 
cerevisiaeYMR142C               .G. .G. ... ..T G.. ... ..T ..T ..A ... ... ... ... ..A .GA ... ... ... G.. ..C ... ... CAA G.. .AG ... ... ... ..G .A. ..A ... ..T ..T ..C ... ..C ... ... AGA ... ... ... ... ..T ... C.. ... ..G ..G ..C ..A ... ..T ..A ... ..T ... ... ..T ... A.. ... ..C ..C ... ... ... ... ..C ... ... ... ... ... ... ... ... A.. ... ..T ... ..T ..T ..T ... ... ... ... ... .T. ... ... G.. ..C ... ... ... ... ... ..G ... ... ..T ..T GCT ..A ... ... 
paradoxusYMR142C                .G. .G. ... ..T ... ... ..T ..T ... ... ... ... ... .GA .GA ... ... ... G.. ..C ... ... CAA G.. .AG ... ... ... ... .A. ..A ... ..T ..T ..C ... ..C ... ... AGA ... ... ... ... ..T ... C.. ... ... ..G ..C ..A ... ..T ..A ... ... ... ... ..T ... A.. ..C ..C ..C ... ... ... ... ..C ... ... ... ... ... ... ... ... A.. ... ..T ... ... ..T ..T ..A ... ... ... ... .T. ... ... G.. ..C ... ... ... ... ... ..G ... ... ..T ..T GCT ..A ... ... 

    1    1    3    1    1    1    1    1    1    2    1   12    1    1    1
    1    1    1    1    1    1    1    1    1    1    1    1   15    1    1
    1    1    1    1    1    1    1    3    7    1    4    6    1    1    1
    3    1   10    1    1    1    1    3    1    1    1    1    1    1    1
    1    1    1    1    1    2    1    1    1    1    1    1   12    1    1
    1    1    5    1    1    1    1    1    1    3    1    1    1    3    2
    1    1    1    1    2    1    1    1    1    1    1    1    4    1    1
    1    1    3    5

CODONML (in paml version 4.8a, August 2014)  /Users/xji3/Genconv/IdenticalParalogAlignment/YMR142C_YDL082W/YMR142C_YDL082W_IdenticalParalog_paml_input.fasta
Model: One dN/dS ratio for branches, 
Codon frequency model: F1x4MG
ns =   7  ls = 197

Codon usage in sequences
--------------------------------------------------------------------------------------------------------------------------------------
Phe TTT   0   2   1   2   1   2 | Ser TCT   6   3   4   2   5   3 | Tyr TAT   0   1   0   0   0   0 | Cys TGT   0   0   0   0   0   0
    TTC   7   5   6   6   5   6 |     TCC   1   3   3   5   2   3 |     TAC   4   3   4   3   5   3 |     TGC   0   0   0   0   0   0
Leu TTA   2   3   3   3   7   2 |     TCA   0   0   0   0   0   0 | *** TAA   0   0   0   0   0   0 | *** TGA   0   0   0   0   0   0
    TTG  10   8   8   8   6   9 |     TCG   0   0   0   0   0   0 |     TAG   0   0   0   0   0   0 | Trp TGG   1   1   1   1   1   1
--------------------------------------------------------------------------------------------------------------------------------------
Leu CTT   0   0   0   0   0   0 | Pro CCT   0   3   2   1   1   1 | His CAT   0   0   0   0   0   0 | Arg CGT   3   3   3   3   3   3
    CTC   0   0   0   0   0   0 |     CCC   0   0   0   0   0   0 |     CAC   5   4   4   4   4   4 |     CGC   0   0   0   0   0   0
    CTA   0   0   0   0   0   0 |     CCA   9   6   7   8   8   8 | Gln CAA   7   9   9   8   8   9 |     CGA   0   0   0   0   0   0
    CTG   0   0   0   0   0   0 |     CCG   0   0   0   0   0   0 |     CAG   0   0   0   1   0   0 |     CGG   0   0   0   0   0   0
--------------------------------------------------------------------------------------------------------------------------------------
Ile ATT   6   6   6   6   7   6 | Thr ACT   5   5   5   5   6   3 | Asn AAT   0   2   2   4   2   3 | Ser AGT   0   0   0   0   2   0
    ATC   3   3   4   4   4   4 |     ACC   4   3   4   4   4   4 |     AAC   8   7   7   5   6   5 |     AGC   1   0   0   0   0   0
    ATA   0   0   0   0   0   0 |     ACA   0   0   0   1   0   0 | Lys AAA   2   1   1   3   1   2 | Arg AGA  19  23  23  23  22  22
Met ATG   0   0   0   0   0   0 |     ACG   0   0   0   0   0   0 |     AAG  19  18  18  15  17  17 |     AGG   1   0   0   0   0   1
--------------------------------------------------------------------------------------------------------------------------------------
Val GTT   6  10  11   9  11  12 | Ala GCT  25  21  21  22  26  26 | Asp GAT   1   3   2   1   2   2 | Gly GGT   8   7   7   8   7   8
    GTC   9   5   3   5   3   2 |     GCC   5  11   9   7   2   7 |     GAC   5   4   4   5   4   5 |     GGC   0   1   1   0   0   0
    GTA   0   0   0   0   0   0 |     GCA   0   0   0   1   0   0 | Glu GAA  14  13  14  13  15  12 |     GGA   0   0   0   0   0   0
    GTG   0   0   0   0   0   0 |     GCG   0   0   0   0   0   0 |     GAG   1   0   0   1   0   2 |     GGG   0   0   0   0   0   0
--------------------------------------------------------------------------------------------------------------------------------------

------------------------------------------------------
Phe TTT   2 | Ser TCT   3 | Tyr TAT   0 | Cys TGT   0
    TTC   6 |     TCC   3 |     TAC   3 |     TGC   0
Leu TTA   2 |     TCA   0 | *** TAA   0 | *** TGA   0
    TTG   9 |     TCG   0 |     TAG   0 | Trp TGG   1
------------------------------------------------------
Leu CTT   0 | Pro CCT   1 | His CAT   0 | Arg CGT   3
    CTC   0 |     CCC   0 |     CAC   4 |     CGC   0
    CTA   0 |     CCA   8 | Gln CAA   9 |     CGA   0
    CTG   0 |     CCG   0 |     CAG   0 |     CGG   0
------------------------------------------------------
Ile ATT   6 | Thr ACT   3 | Asn AAT   3 | Ser AGT   0
    ATC   4 |     ACC   4 |     AAC   6 |     AGC   0
    ATA   0 |     ACA   0 | Lys AAA   0 | Arg AGA  24
Met ATG   0 |     ACG   0 |     AAG  18 |     AGG   0
------------------------------------------------------
Val GTT  10 | Ala GCT  24 | Asp GAT   2 | Gly GGT   8
    GTC   3 |     GCC   9 |     GAC   4 |     GGC   0
    GTA   1 |     GCA   0 | Glu GAA  13 |     GGA   0
    GTG   0 |     GCG   0 |     GAG   1 |     GGG   0
------------------------------------------------------

Codon position x base (3x4) table for each sequence.

#1: kluyveriYMR142C
position  1:    T:0.15736    C:0.12183    A:0.34518    G:0.37563
position  2:    T:0.21827    C:0.27919    A:0.33503    G:0.16751
position  3:    T:0.30457    C:0.26396    A:0.26904    G:0.16244
Average         T:0.22673    C:0.22166    A:0.31641    G:0.23519

#2: kudriavzeviiYMR142C
position  1:    T:0.14721    C:0.12690    A:0.34518    G:0.38071
position  2:    T:0.21320    C:0.27919    A:0.32995    G:0.17766
position  3:    T:0.33503    C:0.24873    A:0.27919    G:0.13706
Average         T:0.23181    C:0.21827    A:0.31810    G:0.23181

#3: bayanusYMR142C 
position  1:    T:0.15228    C:0.12690    A:0.35533    G:0.36548
position  2:    T:0.21320    C:0.27919    A:0.32995    G:0.17766
position  3:    T:0.32487    C:0.24873    A:0.28934    G:0.13706
Average         T:0.23012    C:0.21827    A:0.32487    G:0.22673

#4: mikataeYMR142C 
position  1:    T:0.15228    C:0.12690    A:0.35533    G:0.36548
position  2:    T:0.21827    C:0.28426    A:0.31980    G:0.17766
position  3:    T:0.31980    C:0.24365    A:0.30457    G:0.13198
Average         T:0.23012    C:0.21827    A:0.32657    G:0.22504

#5: castelliiYMR142C
position  1:    T:0.16244    C:0.12183    A:0.36041    G:0.35533
position  2:    T:0.22335    C:0.27411    A:0.32487    G:0.17766
position  3:    T:0.37056    C:0.19797    A:0.30964    G:0.12183
Average         T:0.25212    C:0.19797    A:0.33164    G:0.21827

#6: cerevisiaeYMR142C
position  1:    T:0.14721    C:0.12690    A:0.34010    G:0.38579
position  2:    T:0.21827    C:0.27919    A:0.32487    G:0.17766
position  3:    T:0.35025    C:0.21827    A:0.27919    G:0.15228
Average         T:0.23858    C:0.20812    A:0.31472    G:0.23858

#7: paradoxusYMR142C
position  1:    T:0.14721    C:0.12690    A:0.34518    G:0.38071
position  2:    T:0.21827    C:0.27919    A:0.31980    G:0.18274
position  3:    T:0.32995    C:0.23350    A:0.28934    G:0.14721
Average         T:0.23181    C:0.21320    A:0.31810    G:0.23689

Sums of codon usage counts
------------------------------------------------------------------------------
Phe F TTT      10 | Ser S TCT      26 | Tyr Y TAT       1 | Cys C TGT       0
      TTC      41 |       TCC      20 |       TAC      25 |       TGC       0
Leu L TTA      22 |       TCA       0 | *** * TAA       0 | *** * TGA       0
      TTG      58 |       TCG       0 |       TAG       0 | Trp W TGG       7
------------------------------------------------------------------------------
Leu L CTT       0 | Pro P CCT       9 | His H CAT       0 | Arg R CGT      21
      CTC       0 |       CCC       0 |       CAC      29 |       CGC       0
      CTA       0 |       CCA      54 | Gln Q CAA      59 |       CGA       0
      CTG       0 |       CCG       0 |       CAG       1 |       CGG       0
------------------------------------------------------------------------------
Ile I ATT      43 | Thr T ACT      32 | Asn N AAT      16 | Ser S AGT       2
      ATC      26 |       ACC      27 |       AAC      44 |       AGC       1
      ATA       0 |       ACA       1 | Lys K AAA      10 | Arg R AGA     156
Met M ATG       0 |       ACG       0 |       AAG     122 |       AGG       2
------------------------------------------------------------------------------
Val V GTT      69 | Ala A GCT     165 | Asp D GAT      13 | Gly G GGT      53
      GTC      30 |       GCC      50 |       GAC      31 |       GGC       2
      GTA       1 |       GCA       1 | Glu E GAA      94 |       GGA       0
      GTG       0 |       GCG       0 |       GAG       5 |       GGG       0
------------------------------------------------------------------------------


Codon position x base (3x4) table, overall

position  1:    T:0.15228    C:0.12545    A:0.34953    G:0.37273
position  2:    T:0.21755    C:0.27919    A:0.32632    G:0.17694
position  3:    T:0.33358    C:0.23640    A:0.28861    G:0.14141
Average         T:0.23447    C:0.21368    A:0.32149    G:0.23036

Codon frequencies under model, for use in evolver (TTT TTC TTA TTG ... GGG):
  0.01369783  0.01248338  0.01878156  0.01345776
  0.01248338  0.01137661  0.01711639  0.01226460
  0.01878156  0.01711639  0.00000000  0.00000000
  0.01345776  0.01226460  0.00000000  0.01322190
  0.01248338  0.01137661  0.01711639  0.01226460
  0.01137661  0.01036796  0.01559885  0.01117722
  0.01711639  0.01559885  0.02346886  0.01681641
  0.01226460  0.01117722  0.01681641  0.01204965
  0.01878156  0.01711639  0.02575203  0.01845240
  0.01711639  0.01559885  0.02346886  0.01681641
  0.02575203  0.02346886  0.03530949  0.02530071
  0.01845240  0.01681641  0.02530071  0.01812900
  0.01345776  0.01226460  0.01845240  0.01322190
  0.01226460  0.01117722  0.01681641  0.01204965
  0.01845240  0.01681641  0.02530071  0.01812900
  0.01322190  0.01204965  0.01812900  0.01299018



Nei & Gojobori 1986. dN/dS (dN, dS)
(Note: This matrix is not used in later ML. analysis.
Use runmode = -2 for ML pairwise comparison.)

kluyveriYMR142C     
kudriavzeviiYMR142C  0.1630 (0.0489 0.3000)
bayanusYMR142C       0.2171 (0.0584 0.2690) 0.1640 (0.0202 0.1235)
mikataeYMR142C       0.1614 (0.0536 0.3323) 0.0602 (0.0157 0.2608) 0.0694 (0.0134 0.1937)
castelliiYMR142C     0.2137 (0.0697 0.3259) 0.1680 (0.0549 0.3265) 0.1991 (0.0525 0.2635) 0.1785 (0.0525 0.2939)
cerevisiaeYMR142C    0.1536 (0.0512 0.3335) 0.0940 (0.0157 0.1669) 0.0992 (0.0157 0.1582) 0.0693 (0.0134 0.1939) 0.1940 (0.0572 0.2949)
paradoxusYMR142C     0.1707 (0.0512 0.3002) 0.0796 (0.0112 0.1404) 0.0795 (0.0112 0.1406) 0.0509 (0.0089 0.1754) 0.1848 (0.0525 0.2839) 0.0862 (0.0045 0.0516)


TREE #  1:  ((((((6, 7), 4), 2), 3), 5), 1);   MP score: 135
This is a rooted tree.  Please check!
check convergence..
lnL(ntime: 12  np: 17):  -1506.379386      +0.000000
   8..9     9..10   10..11   11..12   12..13   13..6    13..7    12..4    11..2    10..3     9..5     8..1  
 0.085284 0.072428 0.000004 0.025317 0.037302 0.036260 0.010021 0.095707 0.091636 0.054037 0.202142 0.112460 5.398217 1.304281 1.010121 1.572549 0.208928
SEs for parameters:
 61734.443487 0.020860 0.023627 0.015737 0.021062 0.015331 0.009110 0.026279 0.028156 0.021641 0.037636 61734.425001 1.237538 0.206319 0.135061 0.219807 0.044042

Note: Branch length is defined as number of nucleotide substitutions per codon (not per neucleotide site).

tree length =   0.82260

((((((6: 0.036260, 7: 0.010021): 0.037302, 4: 0.095707): 0.025317, 2: 0.091636): 0.000004, 3: 0.054037): 0.072428, 5: 0.202142): 0.085284, 1: 0.112460);

((((((cerevisiaeYMR142C: 0.036260, paradoxusYMR142C: 0.010021): 0.037302, mikataeYMR142C: 0.095707): 0.025317, kudriavzeviiYMR142C: 0.091636): 0.000004, bayanusYMR142C: 0.054037): 0.072428, castelliiYMR142C: 0.202142): 0.085284, kluyveriYMR142C: 0.112460);

Detailed output identifying parameters

kappa (ts/tv) =  5.39822

Frequency parameters:
   0.26689 (T)   0.20670 (C)   0.32179 (A)   0.20463 (G)
Equilibrium codon frequencies (evolver-style):
  0.02028426  0.01570946  0.02445638  0.01555206
  0.01570946  0.01216644  0.01894063  0.01204454
  0.02445638  0.01894063  0.00000000  0.00000000
  0.01555206  0.01204454  0.00000000  0.01192386
  0.01570946  0.01216644  0.01894063  0.01204454
  0.01216644  0.00942249  0.01466887  0.00932808
  0.01894063  0.01466887  0.02283640  0.01452190
  0.01204454  0.00932808  0.01452190  0.00923462
  0.02445638  0.01894063  0.02948664  0.01875086
  0.01894063  0.01466887  0.02283640  0.01452190
  0.02948664  0.02283640  0.03555154  0.02260759
  0.01875086  0.01452190  0.02260759  0.01437639
  0.01555206  0.01204454  0.01875086  0.01192386
  0.01204454  0.00932808  0.01452190  0.00923462
  0.01875086  0.01452190  0.02260759  0.01437639
  0.01192386  0.00923462  0.01437639  0.00914209

omega (dN/dS) =  0.20893

dN & dS for each branch

 branch          t       N       S   dN/dS      dN      dS  N*dN  S*dS

   8..9      0.085   413.4   177.6  0.2089  0.0133  0.0636   5.5  11.3
   9..10     0.072   413.4   177.6  0.2089  0.0113  0.0541   4.7   9.6
  10..11     0.000   413.4   177.6  0.2089  0.0000  0.0000   0.0   0.0
  11..12     0.025   413.4   177.6  0.2089  0.0039  0.0189   1.6   3.4
  12..13     0.037   413.4   177.6  0.2089  0.0058  0.0278   2.4   4.9
  13..6      0.036   413.4   177.6  0.2089  0.0057  0.0271   2.3   4.8
  13..7      0.010   413.4   177.6  0.2089  0.0016  0.0075   0.6   1.3
  12..4      0.096   413.4   177.6  0.2089  0.0149  0.0714   6.2  12.7
  11..2      0.092   413.4   177.6  0.2089  0.0143  0.0684   5.9  12.1
  10..3      0.054   413.4   177.6  0.2089  0.0084  0.0403   3.5   7.2
   9..5      0.202   413.4   177.6  0.2089  0.0315  0.1509  13.0  26.8
   8..1      0.112   413.4   177.6  0.2089  0.0175  0.0839   7.2  14.9

tree length for dN:       0.1283
tree length for dS:       0.6139



TREE #  2:  ((((((6, 7), 4), 2), 3), 5), 1);   MP score: 135
This is a rooted tree.  Please check!
lnL(ntime: 12  np: 17):  -1506.379386      -0.000000
   8..9     9..10   10..11   11..12   12..13   13..6    13..7    12..4    11..2    10..3     9..5     8..1  
 0.112978 0.072428 0.000004 0.025317 0.037302 0.036260 0.010021 0.095708 0.091636 0.054037 0.202142 0.084766 5.398219 1.304282 1.010122 1.572550 0.208928
SEs for parameters:
 203673.037117 0.020833 0.023628 0.015739 0.021075 0.015335 0.009111 0.026279 0.028160 0.021645 0.037617 203673.017237 1.248194 0.206151 0.135116 0.219763 0.044055

Note: Branch length is defined as number of nucleotide substitutions per codon (not per neucleotide site).

tree length =   0.82260

((((((6: 0.036260, 7: 0.010021): 0.037302, 4: 0.095708): 0.025317, 2: 0.091636): 0.000004, 3: 0.054037): 0.072428, 5: 0.202142): 0.112978, 1: 0.084766);

((((((cerevisiaeYMR142C: 0.036260, paradoxusYMR142C: 0.010021): 0.037302, mikataeYMR142C: 0.095708): 0.025317, kudriavzeviiYMR142C: 0.091636): 0.000004, bayanusYMR142C: 0.054037): 0.072428, castelliiYMR142C: 0.202142): 0.112978, kluyveriYMR142C: 0.084766);

Detailed output identifying parameters

kappa (ts/tv) =  5.39822

Frequency parameters:
   0.26689 (T)   0.20670 (C)   0.32179 (A)   0.20463 (G)
Equilibrium codon frequencies (evolver-style):
  0.02028430  0.01570949  0.02445641  0.01555207
  0.01570949  0.01216645  0.01894064  0.01204454
  0.02445641  0.01894064  0.00000000  0.00000000
  0.01555207  0.01204454  0.00000000  0.01192385
  0.01570949  0.01216645  0.01894064  0.01204454
  0.01216645  0.00942250  0.01466887  0.00932808
  0.01894064  0.01466887  0.02283639  0.01452189
  0.01204454  0.00932808  0.01452189  0.00923461
  0.02445641  0.01894064  0.02948665  0.01875085
  0.01894064  0.01466887  0.02283639  0.01452189
  0.02948665  0.02283639  0.03555152  0.02260756
  0.01875085  0.01452189  0.02260756  0.01437637
  0.01555207  0.01204454  0.01875085  0.01192385
  0.01204454  0.00932808  0.01452189  0.00923461
  0.01875085  0.01452189  0.02260756  0.01437637
  0.01192385  0.00923461  0.01437637  0.00914208

omega (dN/dS) =  0.20893

dN & dS for each branch

 branch          t       N       S   dN/dS      dN      dS  N*dN  S*dS

   8..9      0.113   413.4   177.6  0.2089  0.0176  0.0843   7.3  15.0
   9..10     0.072   413.4   177.6  0.2089  0.0113  0.0541   4.7   9.6
  10..11     0.000   413.4   177.6  0.2089  0.0000  0.0000   0.0   0.0
  11..12     0.025   413.4   177.6  0.2089  0.0039  0.0189   1.6   3.4
  12..13     0.037   413.4   177.6  0.2089  0.0058  0.0278   2.4   4.9
  13..6      0.036   413.4   177.6  0.2089  0.0057  0.0271   2.3   4.8
  13..7      0.010   413.4   177.6  0.2089  0.0016  0.0075   0.6   1.3
  12..4      0.096   413.4   177.6  0.2089  0.0149  0.0714   6.2  12.7
  11..2      0.092   413.4   177.6  0.2089  0.0143  0.0684   5.9  12.1
  10..3      0.054   413.4   177.6  0.2089  0.0084  0.0403   3.5   7.2
   9..5      0.202   413.4   177.6  0.2089  0.0315  0.1509  13.0  26.8
   8..1      0.085   413.4   177.6  0.2089  0.0132  0.0633   5.5  11.2

tree length for dN:       0.1283
tree length for dS:       0.6139


Tree comparisons (Kishino & Hasegawa 1989; Shimodaira & Hasegawa 1999)
Number of replicates: 10000

  tree           li       Dli     +- SE     pKH       pSH    pRELL

     1*   -1506.379     0.000     0.000  -1.000    -1.000    0.505
     2    -1506.379    -0.000     0.000   0.500     0.506    0.495

pKH: P value for KH normal test (Kishino & Hasegawa 1989)
pRELL: RELL bootstrap proportions (Kishino & Hasegawa 1989)
pSH: P value with multiple-comparison correction (MC in table 1 of Shimodaira & Hasegawa 1999)
(-1 for P values means N/A)

Time used:  0:17
