      7    489

bayanusYDR418W                  ATG CCT CCA AAG TTT GAT CCA AAT GAA GTT AAG TAC TTG TAC CTG AGA GCT GTC GGT GGT GAA GTT GGT GCT TCC GCT GCC TTA GCT CCA AAG ATC GGT CCA TTG GGT TTG TCC CCA AAG AAG GTT GGT GAA GAT ATC GCC AAG GCC ACC AAG GAA TTC AAA GGT ATC AAG GTT ACC GTT CAA TTG AAA ATC CAA AAC AGA CAA GCT GCT GCT TCT GTT GTC CCA TCC GCT TCT TCT GTC ATT ACT GCC TTG AAG GAA CCA CCA AGA GAC AGA AAG AAG GAT AAG AAC GTC AAG CAC AGT GGT AAC ATT CAA TTG GAT GAC ATC ATT GAA ATT GCC AGA CAA ATG AAA GAC AAA TCT TTC GGT AGA ACT TTG GCT TCC GTC ACC AAG GAA ATT TTG GGT ACT GCT CAA TCT GTT GGC TGT CGT GTT GAT TTC AAG AAC CCT CAT GAC ATC ATT GAA GGT ATT AAC GCT GGT GAA ATT GAA ATT CCA GAA 
cerevisiaeYDR418W               ATG CCT CCA AAG TTT GAT CCA AAT GAA GTT AAG TAC TTG TAC TTG AGA GCT GTC GGT GGT GAA GTC GGT GCT TCC GCC GCC TTG GCT CCA AAG ATC GGT CCA TTG GGT TTA TCC CCA AAG AAG GTT GGT GAA GAT ATC GCC AAG GCC ACC AAG GAA TTC AAA GGT ATC AAA GTT ACT GTC CAA TTG AAA ATC CAA AAC AGA CAA GCT GCT GCT TCT GTT GTT CCA TCT GCT TCC TCT GTC ATT ACT GCT TTG AAG GAA CCA CCA AGA GAC AGA AAG AAG GAT AAG AAC GTC AAG CAT AGC GGT AAC ATC CAA TTG GAT GAA ATT ATT GAA ATT GCC AGA CAA ATG AGA GAC AAA TCC TTC GGT AGA ACT TTG GCT TCC GTT ACT AAG GAA ATT TTG GGT ACT GCT CAA TCT GTC GGT TGT CGT GTT GAT TTC AAG AAC CCT CAT GAC ATC ATT GAA GGT ATT AAC GCT GGT GAA ATT GAA ATT CCA GAA 
mikataeYDR418W                  ATG CCT CCA AAG TTT GAT CCA AAT GAA GTT AAG TAC TTG TAC TTA AGA GCT GTC GGT GGT GAA GTT GGT GCT TCC GCT GCC TTG GCT CCA AAG ATC GGT CCA TTG GGT TTA TCC CCA AAG AAG GTC GGT GAA GAT ATT GCA AAG GCC ACC AAG GAA TTC AAA GGT ATC AAA GTT ACT GTC CAA TTG AAA ATC CAA AAC AGA CAA GCA GCT GCT TCT GTT GTC CCA TCT GCT TCT TCT GTC ATT ACT GCC TTG AAG GAA CCA CCA AGA GAC AGA AAG AAG GAT AAG AAT GTC AAG CAC AGC GGT AAC ATC CAA TTG GAT GAA ATC GTT GAG ATT GCT AGA CAA ATG AAA GAC AAA TCC TTC GGT AGA ACT TTG GCT TCC GTC ACC AAG GAA ATT TTG GGT ACT GCT CAA TCC GTA GGT TGT CGT GTT GAT TTC AAG AAC CCT CAT GAC ATC ATT GAA GGT ATT AAC GCT GGT GAA ATT GAA ATT CCA GAA 
kudriavzeviiYDR418W             ATG CCT CCA AAG TTT GAT CCA AAT GAA GTT AAG TAC TTG TAC TTG AGA GCT GTC GGT GGT GAA GTT GGT GCT TCC GCT GCC TTG GCT CCA AAG ATC GGT CCA TTG GGT TTG TCC CCA AAG AAG GTT GGT GAA GAT ATC GCC AAG GCC ACC AAG GAA TTC AAG GGT ATC AAG GTT ACC GTC CAG TTG AAG ATT CAA AAC AGA CAA GCT GCT GCT TCT GTT GTC CCA TCC GCT TCT TCT GTC ATT ACT GCC TTG AAG GAA CCA CCA AGA GAC AGA AAG AAG GAC AAG AAC ATC AAG CAC AGT GGT AAC ATT CAA CTG GAT GAA ATC ATT GAA ATT GCT AGA CAA ATG AGA GAC AAA TCC TTC GGT AGA ACT TTG GCT TCC GTC ACC AAG GAA ATT TTG GGT ACC GCT CAA TCC GTT GGT TGT CGT GTT GAT TTC AAG AAT CCT CAT GAC ATC ATT GAA GGT ATT ATT GCT GGT GAA ATT GAA ATT CCA GAA 
paradoxusYDR418W                ATG CCT CCA AAG TTT GAT CCA AAT GAA GTT AAG TAC TTG TAC TTG AGA GCT GTC GGT GGT GAA GTC GGT GCT TCC GCT GCC TTG GCT CCA AAG ATC GGT CCA TTG GGT TTG TCC CCA AAG AAG GTT GGT GAA GAT ATC GCT AAG GCG ACC AAG GAA TTC AAA GGT ATC AAA GTT ACC GTC CAA TTA AAA ATT CAA AAC AGA CAA GCT GCT GCT TCT GTT GTT CCA TCT GCT TCC TCT GTC ATT ACT GCC TTG AAG GAA CCA CCA AGA GAC AGA AAG AAG GAT AAG AAT GTC AAG CAT AGT GGT AAC ATC CAA TTG GAT GAA ATC ATT GAA ATT GCT AGA CAA ATG AGA GAC AAA TCC TTC GGT AGA ACT TTG GCT TCC GTC ACT AAG GAA ATT TTG GGT ACT GCT CAA TCC GTA GGT TGT CGT GTT GAT TTC AAG AAC CCT CAT GAC ATC ATT GAA GGT ATT AAC GCT GGT GAA ATT GAA ATT CCA GAA 
castelliiYDR418W                ATG CCT CCA AAG TTC GAT CCT ACT GAA GTT AAA TAC CTA TAC TTG AGA GCC GTT GGT GGT GAA GTT GGT GCT TCT GCT GCC TTA GCT CCA AAG ATT GGT CCA TTA GGT CTA TCT CCA AAG AAG GTT GGT GAA GAT ATT GCC AAG GCT ACC AAG GAA TTC AAG GGT ATT AAG GTT ACT GTT CAA TTG AAG ATC CAA AAC AGA CAA GCT ACT GCA TCT GTT GTT CCA TCT GCT TCT TCT GTC ATC ACA GCT TTG AAG GAA CCA CCA AGA GAT AGA AAG AAG GAT AAG AAC ATC AAG CAC AGT GGT AAC TTA CAA CTA GAC GAT ATC ATT GAA ATC GCT AGA CAA ATG CAA GAA AAA TCT TTC GGT AAG AAC TTG GCT TCT GTC ACC AAG GAA ATC TTG GGT ACC GCT CAA TCC ATT GGT TGT CGT GTC GAC TTC AAG AAC CCT CAT GAT ATC ATT GAA GGT ATC AAT GCT GGT GAA ATT GAA ATT CCA GAA 
kluyveriYDR418W                 ATG CCT CCA AAG TTT GAT CCA ACT GAA GTT AAG TTC TTG TAC TTG AGA GCC GTC GGT GGT GAA GTT GGT GCT TCC GCT GCC TTG GCC CCA AAG ATT GGT CCA TTG GGT TTG TCC CCA AAG AAG GTT GGT GAA GAT ATC GCC AAG GCC ACC AAG GAT TTC AAG GGT ATC AAG GTC ACC GTC CAA TTG AAA ATT CAA AAC AGA CAA GCT ACT GCT TCT GTT GTT CCA TCA GCT TCC TCT GTC ATC ACC GCT TTG AAG GAA CCA CCA AGA GAC AGA AAG AAG GAC AAG AAC GTC AAG CAC AGT GGT AAC TTG CAA TTG GAA GAC ATC ATT GAA ATT GCT AAG CAA ATG CAA GAG AAG TCT TTC GGT AAG AAC TTG GCC TCC GTT TGT AAG GAA ATT TTG GGT ACT GCT CAA TCC GTT GGT TGT CGT GTC AAC TAC AAG AAC CCA CAT GAC ATC ATT GAA GCC ATC GAT GCC GGT GAA ATT GAA ATT CCA GAA 



Printing out site pattern counts


         7        300  P

bayanusYDR418W                  AAA AAA AAA AAA AAC AAC AAC AAC AAG AAG AAG AAT ACC ACC ACC ACT ACT ACT AGA AGA AGA AGT ATC ATC ATC ATC ATC ATC ATG ATT ATT ATT ATT ATT CAA CAA CAC CAT CCA CCA CCT CCT CGT CTG GAA GAA GAA GAC GAC GAC GAT GAT GAT GAT GCC GCC GCC GCC GCC GCT GCT GCT GCT GCT GCT GCT GGC GGT GGT GTC GTC GTC GTC GTC GTT GTT GTT GTT GTT GTT GTT TAC TAC TCC TCC TCT TCT TCT TCT TGT TTA TTC TTC TTG TTG TTG TTG TTG TTG TTT 
cerevisiaeYDR418W               ... ... ... .G. ... ... ... ... ..A ... ... ... ... ..T ..T ... ... ... ... ... ... ..C ... ... ... ... ... ..T ... ..C ... ... ... ... ... ... ..T ... ... ... ... ... ... T.. ... ... ... ..A ... ... ... ... ... ... ... ... ... ... ..T ..C ... ... ... ... ... ... ..T ... ... ... ... ... ..T ..T ..C ..C ..C ... ... ... ... ... ... ... ..T ..C ..C ... ... ... ..G ... ... ..A ... ... ... ... ... ... 
mikataeYDR418W                  ... ... ... ... ... ... ... ..T ..A ... ... ... ... ... ..T ... ... ... ... ... ... ..C ... ... ... ... ..T ... ... ..C ... ... ... G.. ... ... ... ... ... ... ... ... ... T.A ... ... ..G ..A ... ... ... ... ... ... ..A ... ... ..T ... ... ..A ... ... ... ... ... ..T ... ... ... ... ... ... ... ..A ..C ... ..C ... ... ... ... ... ... ..T ..C ... ..C ... ... ..G ... ... ..A ... ... ... ... ... ... 
kudriavzeviiYDR418W             ... ..G ..G .G. ... ..T .TT ... ... ... ... ... ... ... ... ..C ... ... ... ... ... ... ... ... ... ..T ... ... ... ... ... ... ... ... ... ..G ... ... ... ... ... ... ... T.. ... ... ... ..A ... ... ..C ... ... ... ... ... ... ..T ... ... ... ... ... ... ... ... ..T ... ... A.. ... ... ... ... ... ..C ... ... ... ... ... ... ... ... ... ..C ... ..C ... ... ..G ... ... ... C.. ... ... ... ... ... 
paradoxusYDR418W                ... ... ... .G. ... ... ... ..T ..A ... ... ... ... ..T ... ... ... ... ... ... ... ... ... ... ... ..T ... ... ... ..C ... ... ... ... ... ... ..T ... ... ... ... ... ... T.. ... ... ... ..A ... ... ... ... ... ... ..T ... ..G ..T ... ... ... ... ... ... ... ... ..T ... ... ... ... ... ... ..T ..A ..C ..C ... ... ... ... ... ... ... ..T ..C ..C ..C ... ... ..G ... ... ... ... ..A ... ... ... ... 
castelliiYDR418W                ... ..G ..G C.. ... ... ..T ... ... ..A ... .C. ... ... ..T ..C .AC ..A .AG ... ... ... ... ..T ..T ... ..T ... ... T.A ..C ..C ... ... ... ... ... ... ... ..T ... ... ... T.. ... ... ... ..T ..A ..T ... ..C ..C ... ... ... ..T ..T ..T ... ... A.. ..A ..C ... ... ..T ... ... A.. ... ..T ... ..T A.. ... ... ... ..C ... ... ... ... ..T ..T ... ... ..C ... ... ... ... ... C.A C.A ... C.A ..A ... ..C 
kluyveriYDR418W                 ..G ... ..G C.. ... ... G.T ... ... ... ... .C. ... TGT ... ... .AC ..C .AG .AG ... ... ... ... ..T ..T ... ... ... T.G ..C ... ... ... ... ... ... ... ... ... ..A ... ... T.. ... ..T ... ... ..G ... ..C A.C ..A ... ... ... ... ..T ..T ... ... A.. ... ..C ..C ... ..T .CC ... ... ... ... ..T ..T ... ..C ... ... ..C ..C ... ... .T. ... ..A ... ..C ..C ... ... ..G .A. ... ... ... ... ... ... ... ... 

    1    1    1    1    2    1    1    1    1    1   13    1    1    1    1
    1    1    1    1    1    4    1    1    1    1    1    1    1    2    1
    2    2    3    1    5    1    1    1    8    1    1    1    1    1    9
    1    1    1    1    2    1    1    1    2    1    1    1    1    1    1
    1    1    1    1    3    3    1    1   11    1    1    1    1    1    1
    1    1    1    1    1    2    1    1    3    1    1    1    1    2    1
    1    1    2    1    1    1    1    1    3    1

CODONML (in paml version 4.8a, August 2014)  /Users/xji3/Genconv/IdenticalParalogAlignment/YDR418W_YEL054C/YDR418W_YEL054C_IdenticalParalog_paml_input.fasta
Model: One dN/dS ratio for branches, 
Codon frequency model: F1x4MG
ns =   7  ls = 163

Codon usage in sequences
--------------------------------------------------------------------------------------------------------------------------------------
Phe TTT   1   1   1   1   1   0 | Ser TCT   5   4   4   3   3   8 | Tyr TAT   0   0   0   0   0   0 | Cys TGT   1   1   1   1   1   1
    TTC   3   3   3   3   3   4 |     TCC   4   5   5   6   6   1 |     TAC   2   2   2   2   2   2 |     TGC   0   0   0   0   0   0
Leu TTA   1   1   2   0   1   3 |     TCA   0   0   0   0   0   0 | *** TAA   0   0   0   0   0   0 | *** TGA   0   0   0   0   0   0
    TTG   8   9   8   9   9   5 |     TCG   0   0   0   0   0   0 |     TAG   0   0   0   0   0   0 | Trp TGG   0   0   0   0   0   0
--------------------------------------------------------------------------------------------------------------------------------------
Leu CTT   0   0   0   0   0   0 | Pro CCT   2   2   2   2   2   3 | His CAT   1   2   1   1   2   1 | Arg CGT   1   1   1   1   1   1
    CTC   0   0   0   0   0   0 |     CCC   0   0   0   0   0   0 |     CAC   1   0   1   1   0   1 |     CGC   0   0   0   0   0   0
    CTA   0   0   0   0   0   3 |     CCA   9   9   9   9   9   8 | Gln CAA   6   6   6   5   6   7 |     CGA   0   0   0   0   0   0
    CTG   1   0   0   1   0   0 |     CCG   0   0   0   0   0   0 |     CAG   0   0   0   1   0   0 |     CGG   0   0   0   0   0   0
--------------------------------------------------------------------------------------------------------------------------------------
Ile ATT   9   9   8  11   9   8 | Thr ACT   3   5   4   2   4   3 | Asn AAT   1   1   2   2   2   1 | Ser AGT   1   0   0   1   1   1
    ATC   6   6   6   6   6   8 |     ACC   3   1   2   4   2   3 |     AAC   5   5   4   3   4   5 |     AGC   0   1   1   0   0   0
    ATA   0   0   0   0   0   0 |     ACA   0   0   0   0   0   1 | Lys AAA   4   4   5   1   4   2 | Arg AGA   6   7   6   7   7   5
Met ATG   2   2   2   2   2   2 |     ACG   0   0   0   0   0   0 |     AAG  15  14  14  17  14  17 |     AGG   0   0   0   0   0   0
--------------------------------------------------------------------------------------------------------------------------------------
Val GTT   8   7   6   7   6   8 | Ala GCT  11  11  11  12  13  11 | Asp GAT   5   5   5   4   5   6 | Gly GGT  12  13  13  13  13  13
    GTC   5   6   7   5   6   3 |     GCC   5   5   3   4   2   3 |     GAC   4   3   3   4   3   2 |     GGC   1   0   0   0   0   0
    GTA   0   0   1   0   1   0 |     GCA   0   0   2   0   0   1 | Glu GAA  11  12  11  12  12  12 |     GGA   0   0   0   0   0   0
    GTG   0   0   0   0   0   0 |     GCG   0   0   0   0   1   0 |     GAG   0   0   1   0   0   0 |     GGG   0   0   0   0   0   0
--------------------------------------------------------------------------------------------------------------------------------------

------------------------------------------------------
Phe TTT   1 | Ser TCT   3 | Tyr TAT   0 | Cys TGT   2
    TTC   3 |     TCC   5 |     TAC   2 |     TGC   0
Leu TTA   0 |     TCA   1 | *** TAA   0 | *** TGA   0
    TTG  11 |     TCG   0 |     TAG   0 | Trp TGG   0
------------------------------------------------------
Leu CTT   0 | Pro CCT   1 | His CAT   1 | Arg CGT   1
    CTC   0 |     CCC   0 |     CAC   1 |     CGC   0
    CTA   0 |     CCA  10 | Gln CAA   7 |     CGA   0
    CTG   0 |     CCG   0 |     CAG   0 |     CGG   0
------------------------------------------------------
Ile ATT   8 | Thr ACT   3 | Asn AAT   0 | Ser AGT   1
    ATC   6 |     ACC   3 |     AAC   6 |     AGC   0
    ATA   0 |     ACA   0 | Lys AAA   1 | Arg AGA   4
Met ATG   2 |     ACG   0 |     AAG  19 |     AGG   0
------------------------------------------------------
Val GTT   7 | Ala GCT   8 | Asp GAT   4 | Gly GGT  12
    GTC   6 |     GCC   8 |     GAC   4 |     GGC   0
    GTA   0 |     GCA   0 | Glu GAA  11 |     GGA   0
    GTG   0 |     GCG   0 |     GAG   1 |     GGG   0
------------------------------------------------------

Codon position x base (3x4) table for each sequence.

#1: bayanusYDR418W 
position  1:    T:0.15337    C:0.12883    A:0.33742    G:0.38037
position  2:    T:0.26994    C:0.25767    A:0.33742    G:0.13497
position  3:    T:0.37423    C:0.23926    A:0.22699    G:0.15951
Average         T:0.26585    C:0.20859    A:0.30061    G:0.22495

#2: cerevisiaeYDR418W
position  1:    T:0.15951    C:0.12270    A:0.33742    G:0.38037
position  2:    T:0.26994    C:0.25767    A:0.33129    G:0.14110
position  3:    T:0.38037    C:0.22699    A:0.23926    G:0.15337
Average         T:0.26994    C:0.20245    A:0.30266    G:0.22495

#3: mikataeYDR418W 
position  1:    T:0.15951    C:0.12270    A:0.33129    G:0.38650
position  2:    T:0.26994    C:0.25767    A:0.33742    G:0.13497
position  3:    T:0.36196    C:0.22699    A:0.25767    G:0.15337
Average         T:0.26380    C:0.20245    A:0.30879    G:0.22495

#4: kudriavzeviiYDR418W
position  1:    T:0.15337    C:0.12883    A:0.34356    G:0.37423
position  2:    T:0.27607    C:0.25767    A:0.32515    G:0.14110
position  3:    T:0.37423    C:0.23313    A:0.20859    G:0.18405
Average         T:0.26789    C:0.20654    A:0.29243    G:0.23313

#5: paradoxusYDR418W
position  1:    T:0.15951    C:0.12270    A:0.33742    G:0.38037
position  2:    T:0.26994    C:0.25767    A:0.33129    G:0.14110
position  3:    T:0.38650    C:0.20859    A:0.24540    G:0.15951
Average         T:0.27198    C:0.19632    A:0.30470    G:0.22699

#6: castelliiYDR418W
position  1:    T:0.14724    C:0.14724    A:0.34356    G:0.36196
position  2:    T:0.26994    C:0.25767    A:0.34356    G:0.12883
position  3:    T:0.39877    C:0.19632    A:0.25767    G:0.14724
Average         T:0.27198    C:0.20041    A:0.31493    G:0.21268

#7: kluyveriYDR418W
position  1:    T:0.17178    C:0.12883    A:0.32515    G:0.37423
position  2:    T:0.26994    C:0.25767    A:0.34969    G:0.12270
position  3:    T:0.31902    C:0.26994    A:0.20859    G:0.20245
Average         T:0.25358    C:0.21881    A:0.29448    G:0.23313

Sums of codon usage counts
------------------------------------------------------------------------------
Phe F TTT       6 | Ser S TCT      30 | Tyr Y TAT       0 | Cys C TGT       8
      TTC      22 |       TCC      32 |       TAC      14 |       TGC       0
Leu L TTA       8 |       TCA       1 | *** * TAA       0 | *** * TGA       0
      TTG      59 |       TCG       0 |       TAG       0 | Trp W TGG       0
------------------------------------------------------------------------------
Leu L CTT       0 | Pro P CCT      14 | His H CAT       9 | Arg R CGT       7
      CTC       0 |       CCC       0 |       CAC       5 |       CGC       0
      CTA       3 |       CCA      63 | Gln Q CAA      43 |       CGA       0
      CTG       2 |       CCG       0 |       CAG       1 |       CGG       0
------------------------------------------------------------------------------
Ile I ATT      62 | Thr T ACT      24 | Asn N AAT       9 | Ser S AGT       5
      ATC      44 |       ACC      18 |       AAC      32 |       AGC       2
      ATA       0 |       ACA       1 | Lys K AAA      21 | Arg R AGA      42
Met M ATG      14 |       ACG       0 |       AAG     110 |       AGG       0
------------------------------------------------------------------------------
Val V GTT      49 | Ala A GCT      77 | Asp D GAT      34 | Gly G GGT      89
      GTC      38 |       GCC      30 |       GAC      23 |       GGC       1
      GTA       2 |       GCA       3 | Glu E GAA      81 |       GGA       0
      GTG       0 |       GCG       1 |       GAG       2 |       GGG       0
------------------------------------------------------------------------------


Codon position x base (3x4) table, overall

position  1:    T:0.15776    C:0.12883    A:0.33655    G:0.37686
position  2:    T:0.27082    C:0.25767    A:0.33655    G:0.13497
position  3:    T:0.37073    C:0.22875    A:0.23488    G:0.16564
Average         T:0.26643    C:0.20508    A:0.30266    G:0.22583

Codon frequencies under model, for use in evolver (TTT TTC TTA TTG ... GGG):
  0.02013807  0.01550101  0.02287614  0.01706878
  0.01550101  0.01193170  0.01760861  0.01313847
  0.02287614  0.01760861  0.00000000  0.00000000
  0.01706878  0.01313847  0.00000000  0.01446729
  0.01550101  0.01193170  0.01760861  0.01313847
  0.01193170  0.00918427  0.01355399  0.01011316
  0.01760861  0.01355399  0.02000276  0.01492484
  0.01313847  0.01011316  0.01492484  0.01113600
  0.02287614  0.01760861  0.02598649  0.01938953
  0.01760861  0.01355399  0.02000276  0.01492484
  0.02598649  0.02000276  0.02951974  0.02202583
  0.01938953  0.01492484  0.02202583  0.01643433
  0.01706878  0.01313847  0.01938953  0.01446729
  0.01313847  0.01011316  0.01492484  0.01113600
  0.01938953  0.01492484  0.02202583  0.01643433
  0.01446729  0.01113600  0.01643433  0.01226230



Nei & Gojobori 1986. dN/dS (dN, dS)
(Note: This matrix is not used in later ML. analysis.
Use runmode = -2 for ML pairwise comparison.)

bayanusYDR418W      
cerevisiaeYDR418W    0.0257 (0.0054 0.2092)
mikataeYDR418W       0.0257 (0.0054 0.2091) 0.0288 (0.0054 0.1866)
kudriavzeviiYDR418W  0.0703 (0.0108 0.1534) 0.0191 (0.0054 0.2810) 0.0465 (0.0108 0.2320)
paradoxusYDR418W     0.0257 (0.0054 0.2092)-1.0000 (0.0000 0.1434) 0.0326 (0.0054 0.1646) 0.0257 (0.0054 0.2088)
castelliiYDR418W     0.0462 (0.0259 0.5595) 0.0449 (0.0300 0.6682) 0.0509 (0.0314 0.6168) 0.0585 (0.0301 0.5140) 0.0435 (0.0300 0.6897)
kluyveriYDR418W      0.1362 (0.0496 0.3645) 0.1395 (0.0539 0.3866) 0.1174 (0.0554 0.4717) 0.1892 (0.0597 0.3157) 0.1507 (0.0539 0.3578) 0.0589 (0.0328 0.5564)


TREE #  1:  ((((((2, 5), 3), 4), 1), 6), 7);   MP score: 125
This is a rooted tree.  Please check!
check convergence..
lnL(ntime: 12  np: 17):  -1243.724575      +0.000000
   8..9     9..10   10..11   11..12   12..13   13..2    13..5    12..3    11..4    10..1     9..6     8..7  
 0.086381 0.158347 0.019779 0.031483 0.035008 0.063820 0.034050 0.070736 0.073363 0.036945 0.238792 0.113298 6.089964 1.475153 0.997844 1.501548 0.084678
SEs for parameters:
 148950.727292 0.040635 0.016123 0.021053 0.019618 0.025050 0.018435 0.025706 0.024330 0.020178 0.052912 148950.707299 1.836613 0.241895 0.125181 0.224672 0.023827

Note: Branch length is defined as number of nucleotide substitutions per codon (not per neucleotide site).

tree length =   0.96200

((((((2: 0.063820, 5: 0.034050): 0.035008, 3: 0.070736): 0.031483, 4: 0.073363): 0.019779, 1: 0.036945): 0.158347, 6: 0.238792): 0.086381, 7: 0.113298);

((((((cerevisiaeYDR418W: 0.063820, paradoxusYDR418W: 0.034050): 0.035008, mikataeYDR418W: 0.070736): 0.031483, kudriavzeviiYDR418W: 0.073363): 0.019779, bayanusYDR418W: 0.036945): 0.158347, castelliiYDR418W: 0.238792): 0.086381, kluyveriYDR418W: 0.113298);

Detailed output identifying parameters

kappa (ts/tv) =  6.08996

Frequency parameters:
   0.29654 (T)   0.20059 (C)   0.30185 (A)   0.20102 (G)
Equilibrium codon frequencies (evolver-style):
  0.02783003  0.01882519  0.02832800  0.01886587
  0.01882519  0.01273400  0.01916203  0.01276152
  0.02832800  0.01916203  0.00000000  0.00000000
  0.01886587  0.01276152  0.00000000  0.01278909
  0.01882519  0.01273400  0.01916203  0.01276152
  0.01273400  0.00861372  0.01296186  0.00863233
  0.01916203  0.01296186  0.01950491  0.01298987
  0.01276152  0.00863233  0.01298987  0.00865098
  0.02832800  0.01916203  0.02883489  0.01920344
  0.01916203  0.01296186  0.01950491  0.01298987
  0.02883489  0.01950491  0.02935084  0.01954705
  0.01920344  0.01298987  0.01954705  0.01301794
  0.01886587  0.01276152  0.01920344  0.01278909
  0.01276152  0.00863233  0.01298987  0.00865098
  0.01920344  0.01298987  0.01954705  0.01301794
  0.01278909  0.00865098  0.01301794  0.00866968

omega (dN/dS) =  0.08468

dN & dS for each branch

 branch          t       N       S   dN/dS      dN      dS  N*dN  S*dS

   8..9      0.086   339.0   150.0  0.0847  0.0067  0.0788   2.3  11.8
   9..10     0.158   339.0   150.0  0.0847  0.0122  0.1444   4.1  21.7
  10..11     0.020   339.0   150.0  0.0847  0.0015  0.0180   0.5   2.7
  11..12     0.031   339.0   150.0  0.0847  0.0024  0.0287   0.8   4.3
  12..13     0.035   339.0   150.0  0.0847  0.0027  0.0319   0.9   4.8
  13..2      0.064   339.0   150.0  0.0847  0.0049  0.0582   1.7   8.7
  13..5      0.034   339.0   150.0  0.0847  0.0026  0.0311   0.9   4.7
  12..3      0.071   339.0   150.0  0.0847  0.0055  0.0645   1.9   9.7
  11..4      0.073   339.0   150.0  0.0847  0.0057  0.0669   1.9  10.0
  10..1      0.037   339.0   150.0  0.0847  0.0029  0.0337   1.0   5.1
   9..6      0.239   339.0   150.0  0.0847  0.0184  0.2178   6.3  32.7
   8..7      0.113   339.0   150.0  0.0847  0.0087  0.1033   3.0  15.5

tree length for dN:       0.0743
tree length for dS:       0.8773



TREE #  2:  ((((((2, 5), 3), 4), 1), 6), 7);   MP score: 125
This is a rooted tree.  Please check!
check convergence..
lnL(ntime: 12  np: 17):  -1243.724575      +0.000000
   8..9     9..10   10..11   11..12   12..13   13..2    13..5    12..3    11..4    10..1     9..6     8..7  
 0.113988 0.158347 0.019779 0.031483 0.035008 0.063820 0.034050 0.070736 0.073363 0.036945 0.238792 0.085692 6.089972 1.475152 0.997844 1.501548 0.084678
SEs for parameters:
 440867.445730 0.040535 0.016119 0.021045 0.019463 0.025046 0.018436 0.025705 0.024317 0.020175 0.052908 440867.427393 1.834677 0.241900 0.125182 0.224647 0.023803

Note: Branch length is defined as number of nucleotide substitutions per codon (not per neucleotide site).

tree length =   0.96200

((((((2: 0.063820, 5: 0.034050): 0.035008, 3: 0.070736): 0.031483, 4: 0.073363): 0.019779, 1: 0.036945): 0.158347, 6: 0.238792): 0.113988, 7: 0.085692);

((((((cerevisiaeYDR418W: 0.063820, paradoxusYDR418W: 0.034050): 0.035008, mikataeYDR418W: 0.070736): 0.031483, kudriavzeviiYDR418W: 0.073363): 0.019779, bayanusYDR418W: 0.036945): 0.158347, castelliiYDR418W: 0.238792): 0.113988, kluyveriYDR418W: 0.085692);

Detailed output identifying parameters

kappa (ts/tv) =  6.08997

Frequency parameters:
   0.29654 (T)   0.20059 (C)   0.30185 (A)   0.20102 (G)
Equilibrium codon frequencies (evolver-style):
  0.02783001  0.01882518  0.02832799  0.01886585
  0.01882518  0.01273401  0.01916204  0.01276152
  0.02832799  0.01916204  0.00000000  0.00000000
  0.01886585  0.01276152  0.00000000  0.01278909
  0.01882518  0.01273401  0.01916204  0.01276152
  0.01273401  0.00861373  0.01296187  0.00863233
  0.01916204  0.01296187  0.01950492  0.01298987
  0.01276152  0.00863233  0.01298987  0.00865098
  0.02832799  0.01916204  0.02883489  0.01920343
  0.01916204  0.01296187  0.01950492  0.01298987
  0.02883489  0.01950492  0.02935085  0.01954706
  0.01920343  0.01298987  0.01954706  0.01301793
  0.01886585  0.01276152  0.01920343  0.01278909
  0.01276152  0.00863233  0.01298987  0.00865098
  0.01920343  0.01298987  0.01954706  0.01301793
  0.01278909  0.00865098  0.01301793  0.00866967

omega (dN/dS) =  0.08468

dN & dS for each branch

 branch          t       N       S   dN/dS      dN      dS  N*dN  S*dS

   8..9      0.114   339.0   150.0  0.0847  0.0088  0.1040   3.0  15.6
   9..10     0.158   339.0   150.0  0.0847  0.0122  0.1444   4.1  21.7
  10..11     0.020   339.0   150.0  0.0847  0.0015  0.0180   0.5   2.7
  11..12     0.031   339.0   150.0  0.0847  0.0024  0.0287   0.8   4.3
  12..13     0.035   339.0   150.0  0.0847  0.0027  0.0319   0.9   4.8
  13..2      0.064   339.0   150.0  0.0847  0.0049  0.0582   1.7   8.7
  13..5      0.034   339.0   150.0  0.0847  0.0026  0.0311   0.9   4.7
  12..3      0.071   339.0   150.0  0.0847  0.0055  0.0645   1.9   9.7
  11..4      0.073   339.0   150.0  0.0847  0.0057  0.0669   1.9  10.0
  10..1      0.037   339.0   150.0  0.0847  0.0029  0.0337   1.0   5.1
   9..6      0.239   339.0   150.0  0.0847  0.0184  0.2178   6.3  32.7
   8..7      0.086   339.0   150.0  0.0847  0.0066  0.0781   2.2  11.7

tree length for dN:       0.0743
tree length for dS:       0.8773


Tree comparisons (Kishino & Hasegawa 1989; Shimodaira & Hasegawa 1999)
Number of replicates: 10000

  tree           li       Dli     +- SE     pKH       pSH    pRELL

     1    -1243.725    -0.000     0.000   0.500     0.492    0.498
     2*   -1243.725     0.000     0.000  -1.000    -1.000    0.502

pKH: P value for KH normal test (Kishino & Hasegawa 1989)
pRELL: RELL bootstrap proportions (Kishino & Hasegawa 1989)
pSH: P value with multiple-comparison correction (MC in table 1 of Shimodaira & Hasegawa 1999)
(-1 for P values means N/A)

Time used:  0:19
